"","Season","School"
"1","1984-1985","Air Force"
"2","1984-1985","Akron"
"3","1984-1985","Alabama"
"4","1984-1985","Alabama-Birmingham"
"5","1984-1985","Alabama State"
"6","1984-1985","Alcorn State"
"7","1984-1985","American"
"8","1984-1985","Appalachian State"
"9","1984-1985","Arizona"
"10","1984-1985","Arizona State"
"11","1984-1985","Arkansas"
"12","1984-1985","Arkansas State"
"13","1984-1985","Army"
"14","1984-1985","Auburn"
"15","1984-1985","Augusta State"
"16","1984-1985","Austin Peay"
"17","1984-1985","Ball State"
"18","1984-1985","Baylor"
"19","1984-1985","Bethune-Cookman"
"20","1984-1985","Boise State"
"21","1984-1985","Boston College"
"22","1984-1985","Boston University"
"23","1984-1985","Bowling Green State"
"24","1984-1985","Bradley"
"25","1984-1985","Brigham Young"
"26","1984-1985","Brooklyn"
"27","1984-1985","Brown"
"28","1984-1985","Bucknell"
"29","1984-1985","Butler"
"30","1984-1985","Cal State Fullerton"
"31","1984-1985","Campbell"
"32","1984-1985","Canisius"
"33","1984-1985","Centenary (LA)"
"34","1984-1985","Central Florida"
"35","1984-1985","Central Michigan"
"36","1984-1985","Charleston Southern"
"37","1984-1985","Charlotte"
"38","1984-1985","Chattanooga"
"39","1984-1985","Chicago State"
"40","1984-1985","Cincinnati"
"41","1984-1985","Citadel"
"42","1984-1985","Clemson"
"43","1984-1985","Cleveland State"
"44","1984-1985","Colgate"
"45","1984-1985","Colorado"
"46","1984-1985","Colorado State"
"47","1984-1985","Columbia"
"48","1984-1985","Connecticut"
"49","1984-1985","Cornell"
"50","1984-1985","Creighton"
"51","1984-1985","Dartmouth"
"52","1984-1985","Davidson"
"53","1984-1985","Dayton"
"54","1984-1985","Delaware"
"55","1984-1985","Delaware State"
"56","1984-1985","DePaul"
"57","1984-1985","Detroit Mercy"
"58","1984-1985","Drake"
"59","1984-1985","Drexel"
"60","1984-1985","Duke"
"61","1984-1985","Duquesne"
"62","1984-1985","East Carolina"
"63","1984-1985","East Tennessee State"
"64","1984-1985","Eastern Illinois"
"65","1984-1985","Eastern Kentucky"
"66","1984-1985","Eastern Michigan"
"67","1984-1985","Eastern Washington"
"68","1984-1985","Evansville"
"69","1984-1985","Fairfield"
"70","1984-1985","Fairleigh Dickinson"
"71","1984-1985","Florida"
"72","1984-1985","Florida A&M"
"73","1984-1985","Florida State"
"74","1984-1985","Fordham"
"75","1984-1985","Fresno State"
"76","1984-1985","Furman"
"77","1984-1985","George Mason"
"78","1984-1985","George Washington"
"79","1984-1985","Georgetown"
"80","1984-1985","Georgia"
"81","1984-1985","Georgia Southern"
"82","1984-1985","Georgia State"
"83","1984-1985","Georgia Tech"
"84","1984-1985","Gonzaga"
"85","1984-1985","Grambling"
"86","1984-1985","Green Bay"
"87","1984-1985","Hardin-Simmons"
"88","1984-1985","Hartford"
"89","1984-1985","Harvard"
"90","1984-1985","Hawaii"
"91","1984-1985","Hofstra"
"92","1984-1985","Holy Cross"
"93","1984-1985","Houston"
"94","1984-1985","Houston Baptist"
"95","1984-1985","Howard"
"96","1984-1985","Idaho"
"97","1984-1985","Idaho State"
"98","1984-1985","Illinois"
"99","1984-1985","Illinois-Chicago"
"100","1984-1985","Illinois State"
"101","1984-1985","Indiana"
"102","1984-1985","Indiana State"
"103","1984-1985","Iona"
"104","1984-1985","Iowa"
"105","1984-1985","Iowa State"
"106","1984-1985","Jackson State"
"107","1984-1985","Jacksonville"
"108","1984-1985","James Madison"
"109","1984-1985","Kansas"
"110","1984-1985","Kansas State"
"111","1984-1985","Kent State"
"112","1984-1985","Kentucky"
"113","1984-1985","La Salle"
"114","1984-1985","Lafayette"
"115","1984-1985","Lamar"
"116","1984-1985","Lehigh"
"117","1984-1985","Little Rock"
"118","1984-1985","Long Beach State"
"119","1984-1985","Long Island University"
"120","1984-1985","Louisiana"
"121","1984-1985","Louisiana-Monroe"
"122","1984-1985","Louisiana State"
"123","1984-1985","Louisiana Tech"
"124","1984-1985","Louisville"
"125","1984-1985","Loyola (IL)"
"126","1984-1985","Loyola (MD)"
"127","1984-1985","Loyola Marymount"
"128","1984-1985","Maine"
"129","1984-1985","Manhattan"
"130","1984-1985","Marist"
"131","1984-1985","Marquette"
"132","1984-1985","Marshall"
"133","1984-1985","Maryland"
"134","1984-1985","Maryland-Eastern Shore"
"135","1984-1985","Massachusetts"
"136","1984-1985","McNeese State"
"137","1984-1985","Memphis"
"138","1984-1985","Mercer"
"139","1984-1985","Miami (OH)"
"140","1984-1985","Michigan"
"141","1984-1985","Michigan State"
"142","1984-1985","Middle Tennessee"
"143","1984-1985","Minnesota"
"144","1984-1985","Mississippi"
"145","1984-1985","Mississippi State"
"146","1984-1985","Mississippi Valley State"
"147","1984-1985","Missouri"
"148","1984-1985","Missouri State"
"149","1984-1985","Monmouth"
"150","1984-1985","Montana"
"151","1984-1985","Montana State"
"152","1984-1985","Morehead State"
"153","1984-1985","Morgan State"
"154","1984-1985","Murray State"
"155","1984-1985","Navy"
"156","1984-1985","Nebraska"
"157","1984-1985","Nevada"
"158","1984-1985","Nevada-Las Vegas"
"159","1984-1985","New Hampshire"
"160","1984-1985","New Mexico"
"161","1984-1985","New Mexico State"
"162","1984-1985","New Orleans"
"163","1984-1985","Niagara"
"164","1984-1985","Nicholls State"
"165","1984-1985","North Carolina"
"166","1984-1985","North Carolina-Wilmington"
"167","1984-1985","North Carolina A&T"
"168","1984-1985","North Carolina State"
"169","1984-1985","North Texas"
"170","1984-1985","Northeastern"
"171","1984-1985","Northern Arizona"
"172","1984-1985","Northern Illinois"
"173","1984-1985","Northern Iowa"
"174","1984-1985","Northwestern"
"175","1984-1985","Northwestern State"
"176","1984-1985","Notre Dame"
"177","1984-1985","Ohio"
"178","1984-1985","Ohio State"
"179","1984-1985","Oklahoma"
"180","1984-1985","Oklahoma City"
"181","1984-1985","Oklahoma State"
"182","1984-1985","Old Dominion"
"183","1984-1985","Oral Roberts"
"184","1984-1985","Oregon"
"185","1984-1985","Oregon State"
"186","1984-1985","Pacific"
"187","1984-1985","Penn State"
"188","1984-1985","Pennsylvania"
"189","1984-1985","Pepperdine"
"190","1984-1985","Pittsburgh"
"191","1984-1985","Portland"
"192","1984-1985","Prairie View"
"193","1984-1985","Princeton"
"194","1984-1985","Providence"
"195","1984-1985","Purdue"
"196","1984-1985","Radford"
"197","1984-1985","Rhode Island"
"198","1984-1985","Rice"
"199","1984-1985","Richmond"
"200","1984-1985","Rider"
"201","1984-1985","Robert Morris"
"202","1984-1985","Rutgers"
"203","1984-1985","Saint Francis (PA)"
"204","1984-1985","Saint Joseph's"
"205","1984-1985","Saint Louis"
"206","1984-1985","Saint Mary's (CA)"
"207","1984-1985","Saint Peter's"
"208","1984-1985","Samford"
"209","1984-1985","San Diego"
"210","1984-1985","San Diego State"
"211","1984-1985","San Jose State"
"212","1984-1985","Santa Clara"
"213","1984-1985","Seton Hall"
"214","1984-1985","Siena"
"215","1984-1985","South Alabama"
"216","1984-1985","South Carolina"
"217","1984-1985","South Carolina State"
"218","1984-1985","South Florida"
"219","1984-1985","Southeastern Louisiana"
"220","1984-1985","Southern"
"221","1984-1985","Southern California"
"222","1984-1985","Southern Illinois"
"223","1984-1985","Southern Methodist"
"224","1984-1985","Southern Mississippi"
"225","1984-1985","St. Bonaventure"
"226","1984-1985","St. Francis (NY)"
"227","1984-1985","St. John's (NY)"
"228","1984-1985","Stanford"
"229","1984-1985","Stetson"
"230","1984-1985","Syracuse"
"231","1984-1985","Temple"
"232","1984-1985","Tennessee"
"233","1984-1985","Tennessee State"
"234","1984-1985","Tennessee Tech"
"235","1984-1985","Texas"
"236","1984-1985","Texas-Arlington"
"237","1984-1985","Texas-El Paso"
"238","1984-1985","Texas-Rio Grande Valley"
"239","1984-1985","Texas-San Antonio"
"240","1984-1985","Texas A&M"
"241","1984-1985","Texas Christian"
"242","1984-1985","Texas Southern"
"243","1984-1985","Texas State"
"244","1984-1985","Texas Tech"
"245","1984-1985","Toledo"
"246","1984-1985","Towson"
"247","1984-1985","Tulane"
"248","1984-1985","Tulsa"
"249","1984-1985","U.S. International"
"250","1984-1985","UC-Irvine"
"251","1984-1985","UC-Santa Barbara"
"252","1984-1985","UCLA"
"253","1984-1985","University of California"
"254","1984-1985","Utah"
"255","1984-1985","Utah State"
"256","1984-1985","Utica"
"257","1984-1985","Valparaiso"
"258","1984-1985","Vanderbilt"
"259","1984-1985","Vermont"
"260","1984-1985","Villanova"
"261","1984-1985","Virginia"
"262","1984-1985","Virginia Commonwealth"
"263","1984-1985","Virginia Tech"
"264","1984-1985","VMI"
"265","1984-1985","Wagner"
"266","1984-1985","Wake Forest"
"267","1984-1985","Washington"
"268","1984-1985","Washington State"
"269","1984-1985","Weber State"
"270","1984-1985","West Texas A&M"
"271","1984-1985","West Virginia"
"272","1984-1985","Western Carolina"
"273","1984-1985","Western Illinois"
"274","1984-1985","Western Kentucky"
"275","1984-1985","Western Michigan"
"276","1984-1985","Wichita State"
"277","1984-1985","William & Mary"
"278","1984-1985","Wisconsin"
"279","1984-1985","Wyoming"
"280","1984-1985","Xavier"
"281","1984-1985","Yale"
"282","1984-1985","Youngstown State"
"283","1985-1986","Air Force"
"284","1985-1986","Akron"
"285","1985-1986","Alabama"
"286","1985-1986","Alabama-Birmingham"
"287","1985-1986","Alabama State"
"288","1985-1986","Alcorn State"
"289","1985-1986","American"
"290","1985-1986","Appalachian State"
"291","1985-1986","Arizona"
"292","1985-1986","Arizona State"
"293","1985-1986","Arkansas"
"294","1985-1986","Arkansas State"
"295","1985-1986","Army"
"296","1985-1986","Auburn"
"297","1985-1986","Augusta State"
"298","1985-1986","Austin Peay"
"299","1985-1986","Ball State"
"300","1985-1986","Baylor"
"301","1985-1986","Bethune-Cookman"
"302","1985-1986","Boise State"
"303","1985-1986","Boston College"
"304","1985-1986","Boston University"
"305","1985-1986","Bowling Green State"
"306","1985-1986","Bradley"
"307","1985-1986","Brigham Young"
"308","1985-1986","Brooklyn"
"309","1985-1986","Brown"
"310","1985-1986","Bucknell"
"311","1985-1986","Butler"
"312","1985-1986","Cal State Fullerton"
"313","1985-1986","Campbell"
"314","1985-1986","Canisius"
"315","1985-1986","Centenary (LA)"
"316","1985-1986","Central Florida"
"317","1985-1986","Central Michigan"
"318","1985-1986","Charleston Southern"
"319","1985-1986","Charlotte"
"320","1985-1986","Chattanooga"
"321","1985-1986","Chicago State"
"322","1985-1986","Cincinnati"
"323","1985-1986","Citadel"
"324","1985-1986","Clemson"
"325","1985-1986","Cleveland State"
"326","1985-1986","Colgate"
"327","1985-1986","Colorado"
"328","1985-1986","Colorado State"
"329","1985-1986","Columbia"
"330","1985-1986","Connecticut"
"331","1985-1986","Coppin State"
"332","1985-1986","Cornell"
"333","1985-1986","Creighton"
"334","1985-1986","Dartmouth"
"335","1985-1986","Davidson"
"336","1985-1986","Dayton"
"337","1985-1986","Delaware"
"338","1985-1986","Delaware State"
"339","1985-1986","DePaul"
"340","1985-1986","Detroit Mercy"
"341","1985-1986","Drake"
"342","1985-1986","Drexel"
"343","1985-1986","Duke"
"344","1985-1986","Duquesne"
"345","1985-1986","East Carolina"
"346","1985-1986","East Tennessee State"
"347","1985-1986","Eastern Illinois"
"348","1985-1986","Eastern Kentucky"
"349","1985-1986","Eastern Michigan"
"350","1985-1986","Eastern Washington"
"351","1985-1986","Evansville"
"352","1985-1986","Fairfield"
"353","1985-1986","Fairleigh Dickinson"
"354","1985-1986","Florida"
"355","1985-1986","Florida A&M"
"356","1985-1986","Florida State"
"357","1985-1986","Fordham"
"358","1985-1986","Fresno State"
"359","1985-1986","Furman"
"360","1985-1986","George Mason"
"361","1985-1986","George Washington"
"362","1985-1986","Georgetown"
"363","1985-1986","Georgia"
"364","1985-1986","Georgia Southern"
"365","1985-1986","Georgia State"
"366","1985-1986","Georgia Tech"
"367","1985-1986","Gonzaga"
"368","1985-1986","Grambling"
"369","1985-1986","Green Bay"
"370","1985-1986","Hardin-Simmons"
"371","1985-1986","Hartford"
"372","1985-1986","Harvard"
"373","1985-1986","Hawaii"
"374","1985-1986","Hofstra"
"375","1985-1986","Holy Cross"
"376","1985-1986","Houston"
"377","1985-1986","Houston Baptist"
"378","1985-1986","Howard"
"379","1985-1986","Idaho"
"380","1985-1986","Idaho State"
"381","1985-1986","Illinois"
"382","1985-1986","Illinois-Chicago"
"383","1985-1986","Illinois State"
"384","1985-1986","Indiana"
"385","1985-1986","Indiana State"
"386","1985-1986","Iona"
"387","1985-1986","Iowa"
"388","1985-1986","Iowa State"
"389","1985-1986","Jackson State"
"390","1985-1986","Jacksonville"
"391","1985-1986","James Madison"
"392","1985-1986","Kansas"
"393","1985-1986","Kansas State"
"394","1985-1986","Kent State"
"395","1985-1986","Kentucky"
"396","1985-1986","La Salle"
"397","1985-1986","Lafayette"
"398","1985-1986","Lamar"
"399","1985-1986","Lehigh"
"400","1985-1986","Little Rock"
"401","1985-1986","Long Beach State"
"402","1985-1986","Long Island University"
"403","1985-1986","Louisiana"
"404","1985-1986","Louisiana-Monroe"
"405","1985-1986","Louisiana State"
"406","1985-1986","Louisiana Tech"
"407","1985-1986","Louisville"
"408","1985-1986","Loyola (IL)"
"409","1985-1986","Loyola (MD)"
"410","1985-1986","Loyola Marymount"
"411","1985-1986","Maine"
"412","1985-1986","Manhattan"
"413","1985-1986","Marist"
"414","1985-1986","Marquette"
"415","1985-1986","Marshall"
"416","1985-1986","Maryland"
"417","1985-1986","Maryland-Eastern Shore"
"418","1985-1986","Massachusetts"
"419","1985-1986","McNeese State"
"420","1985-1986","Memphis"
"421","1985-1986","Mercer"
"422","1985-1986","Miami (FL)"
"423","1985-1986","Miami (OH)"
"424","1985-1986","Michigan"
"425","1985-1986","Michigan State"
"426","1985-1986","Middle Tennessee"
"427","1985-1986","Minnesota"
"428","1985-1986","Mississippi"
"429","1985-1986","Mississippi State"
"430","1985-1986","Mississippi Valley State"
"431","1985-1986","Missouri"
"432","1985-1986","Missouri State"
"433","1985-1986","Monmouth"
"434","1985-1986","Montana"
"435","1985-1986","Montana State"
"436","1985-1986","Morehead State"
"437","1985-1986","Morgan State"
"438","1985-1986","Murray State"
"439","1985-1986","Navy"
"440","1985-1986","Nebraska"
"441","1985-1986","Nevada"
"442","1985-1986","Nevada-Las Vegas"
"443","1985-1986","New Hampshire"
"444","1985-1986","New Mexico"
"445","1985-1986","New Mexico State"
"446","1985-1986","New Orleans"
"447","1985-1986","Niagara"
"448","1985-1986","Nicholls State"
"449","1985-1986","North Carolina"
"450","1985-1986","North Carolina-Wilmington"
"451","1985-1986","North Carolina A&T"
"452","1985-1986","North Carolina State"
"453","1985-1986","North Texas"
"454","1985-1986","Northeastern"
"455","1985-1986","Northern Arizona"
"456","1985-1986","Northern Illinois"
"457","1985-1986","Northern Iowa"
"458","1985-1986","Northwestern"
"459","1985-1986","Northwestern State"
"460","1985-1986","Notre Dame"
"461","1985-1986","Ohio"
"462","1985-1986","Ohio State"
"463","1985-1986","Oklahoma"
"464","1985-1986","Oklahoma State"
"465","1985-1986","Old Dominion"
"466","1985-1986","Oral Roberts"
"467","1985-1986","Oregon"
"468","1985-1986","Oregon State"
"469","1985-1986","Pacific"
"470","1985-1986","Penn State"
"471","1985-1986","Pennsylvania"
"472","1985-1986","Pepperdine"
"473","1985-1986","Pittsburgh"
"474","1985-1986","Portland"
"475","1985-1986","Prairie View"
"476","1985-1986","Princeton"
"477","1985-1986","Providence"
"478","1985-1986","Purdue"
"479","1985-1986","Radford"
"480","1985-1986","Rhode Island"
"481","1985-1986","Rice"
"482","1985-1986","Richmond"
"483","1985-1986","Rider"
"484","1985-1986","Robert Morris"
"485","1985-1986","Rutgers"
"486","1985-1986","Saint Francis (PA)"
"487","1985-1986","Saint Joseph's"
"488","1985-1986","Saint Louis"
"489","1985-1986","Saint Mary's (CA)"
"490","1985-1986","Saint Peter's"
"491","1985-1986","Samford"
"492","1985-1986","San Diego"
"493","1985-1986","San Diego State"
"494","1985-1986","San Francisco"
"495","1985-1986","San Jose State"
"496","1985-1986","Santa Clara"
"497","1985-1986","Seton Hall"
"498","1985-1986","Siena"
"499","1985-1986","South Alabama"
"500","1985-1986","South Carolina"
"501","1985-1986","South Carolina State"
"502","1985-1986","South Florida"
"503","1985-1986","Southeastern Louisiana"
"504","1985-1986","Southern"
"505","1985-1986","Southern California"
"506","1985-1986","Southern Illinois"
"507","1985-1986","Southern Methodist"
"508","1985-1986","Southern Mississippi"
"509","1985-1986","St. Bonaventure"
"510","1985-1986","St. Francis (NY)"
"511","1985-1986","St. John's (NY)"
"512","1985-1986","Stanford"
"513","1985-1986","Stetson"
"514","1985-1986","Syracuse"
"515","1985-1986","Temple"
"516","1985-1986","Tennessee"
"517","1985-1986","Tennessee State"
"518","1985-1986","Tennessee Tech"
"519","1985-1986","Texas"
"520","1985-1986","Texas-Arlington"
"521","1985-1986","Texas-El Paso"
"522","1985-1986","Texas-Rio Grande Valley"
"523","1985-1986","Texas-San Antonio"
"524","1985-1986","Texas A&M"
"525","1985-1986","Texas Christian"
"526","1985-1986","Texas Southern"
"527","1985-1986","Texas State"
"528","1985-1986","Texas Tech"
"529","1985-1986","Toledo"
"530","1985-1986","Towson"
"531","1985-1986","Tulsa"
"532","1985-1986","U.S. International"
"533","1985-1986","UC-Irvine"
"534","1985-1986","UC-Santa Barbara"
"535","1985-1986","UCLA"
"536","1985-1986","University of California"
"537","1985-1986","Utah"
"538","1985-1986","Utah State"
"539","1985-1986","Utica"
"540","1985-1986","Valparaiso"
"541","1985-1986","Vanderbilt"
"542","1985-1986","Vermont"
"543","1985-1986","Villanova"
"544","1985-1986","Virginia"
"545","1985-1986","Virginia Commonwealth"
"546","1985-1986","Virginia Tech"
"547","1985-1986","VMI"
"548","1985-1986","Wagner"
"549","1985-1986","Wake Forest"
"550","1985-1986","Washington"
"551","1985-1986","Washington State"
"552","1985-1986","Weber State"
"553","1985-1986","West Texas A&M"
"554","1985-1986","West Virginia"
"555","1985-1986","Western Carolina"
"556","1985-1986","Western Illinois"
"557","1985-1986","Western Kentucky"
"558","1985-1986","Western Michigan"
"559","1985-1986","Wichita State"
"560","1985-1986","William & Mary"
"561","1985-1986","Wisconsin"
"562","1985-1986","Wyoming"
"563","1985-1986","Xavier"
"564","1985-1986","Yale"
"565","1985-1986","Youngstown State"
"566","1986-1987","Air Force"
"567","1986-1987","Akron"
"568","1986-1987","Alabama"
"569","1986-1987","Alabama-Birmingham"
"570","1986-1987","Alabama State"
"571","1986-1987","Alcorn State"
"572","1986-1987","American"
"573","1986-1987","Appalachian State"
"574","1986-1987","Arizona"
"575","1986-1987","Arizona State"
"576","1986-1987","Arkansas"
"577","1986-1987","Arkansas State"
"578","1986-1987","Armstrong"
"579","1986-1987","Army"
"580","1986-1987","Auburn"
"581","1986-1987","Augusta State"
"582","1986-1987","Austin Peay"
"583","1986-1987","Ball State"
"584","1986-1987","Baylor"
"585","1986-1987","Bethune-Cookman"
"586","1986-1987","Boise State"
"587","1986-1987","Boston College"
"588","1986-1987","Boston University"
"589","1986-1987","Bowling Green State"
"590","1986-1987","Bradley"
"591","1986-1987","Brigham Young"
"592","1986-1987","Brooklyn"
"593","1986-1987","Brown"
"594","1986-1987","Bucknell"
"595","1986-1987","Butler"
"596","1986-1987","Cal State Fullerton"
"597","1986-1987","Campbell"
"598","1986-1987","Canisius"
"599","1986-1987","Centenary (LA)"
"600","1986-1987","Central Connecticut State"
"601","1986-1987","Central Florida"
"602","1986-1987","Central Michigan"
"603","1986-1987","Charleston Southern"
"604","1986-1987","Charlotte"
"605","1986-1987","Chattanooga"
"606","1986-1987","Chicago State"
"607","1986-1987","Cincinnati"
"608","1986-1987","Citadel"
"609","1986-1987","Clemson"
"610","1986-1987","Cleveland State"
"611","1986-1987","Coastal Carolina"
"612","1986-1987","Colgate"
"613","1986-1987","Colorado"
"614","1986-1987","Colorado State"
"615","1986-1987","Columbia"
"616","1986-1987","Connecticut"
"617","1986-1987","Coppin State"
"618","1986-1987","Cornell"
"619","1986-1987","Creighton"
"620","1986-1987","Dartmouth"
"621","1986-1987","Davidson"
"622","1986-1987","Dayton"
"623","1986-1987","Delaware"
"624","1986-1987","Delaware State"
"625","1986-1987","DePaul"
"626","1986-1987","Detroit Mercy"
"627","1986-1987","Drake"
"628","1986-1987","Drexel"
"629","1986-1987","Duke"
"630","1986-1987","Duquesne"
"631","1986-1987","East Carolina"
"632","1986-1987","East Tennessee State"
"633","1986-1987","Eastern Illinois"
"634","1986-1987","Eastern Kentucky"
"635","1986-1987","Eastern Michigan"
"636","1986-1987","Eastern Washington"
"637","1986-1987","Evansville"
"638","1986-1987","Fairfield"
"639","1986-1987","Fairleigh Dickinson"
"640","1986-1987","Florida"
"641","1986-1987","Florida A&M"
"642","1986-1987","Florida State"
"643","1986-1987","Fordham"
"644","1986-1987","Fresno State"
"645","1986-1987","Furman"
"646","1986-1987","George Mason"
"647","1986-1987","George Washington"
"648","1986-1987","Georgetown"
"649","1986-1987","Georgia"
"650","1986-1987","Georgia Southern"
"651","1986-1987","Georgia State"
"652","1986-1987","Georgia Tech"
"653","1986-1987","Gonzaga"
"654","1986-1987","Grambling"
"655","1986-1987","Green Bay"
"656","1986-1987","Hardin-Simmons"
"657","1986-1987","Hartford"
"658","1986-1987","Harvard"
"659","1986-1987","Hawaii"
"660","1986-1987","Hofstra"
"661","1986-1987","Holy Cross"
"662","1986-1987","Houston"
"663","1986-1987","Houston Baptist"
"664","1986-1987","Howard"
"665","1986-1987","Idaho"
"666","1986-1987","Idaho State"
"667","1986-1987","Illinois"
"668","1986-1987","Illinois-Chicago"
"669","1986-1987","Illinois State"
"670","1986-1987","Indiana"
"671","1986-1987","Indiana State"
"672","1986-1987","Iona"
"673","1986-1987","Iowa"
"674","1986-1987","Iowa State"
"675","1986-1987","Jackson State"
"676","1986-1987","Jacksonville"
"677","1986-1987","James Madison"
"678","1986-1987","Kansas"
"679","1986-1987","Kansas State"
"680","1986-1987","Kent State"
"681","1986-1987","Kentucky"
"682","1986-1987","La Salle"
"683","1986-1987","Lafayette"
"684","1986-1987","Lamar"
"685","1986-1987","Lehigh"
"686","1986-1987","Little Rock"
"687","1986-1987","Long Beach State"
"688","1986-1987","Long Island University"
"689","1986-1987","Louisiana"
"690","1986-1987","Louisiana-Monroe"
"691","1986-1987","Louisiana State"
"692","1986-1987","Louisiana Tech"
"693","1986-1987","Louisville"
"694","1986-1987","Loyola (IL)"
"695","1986-1987","Loyola (MD)"
"696","1986-1987","Loyola Marymount"
"697","1986-1987","Maine"
"698","1986-1987","Manhattan"
"699","1986-1987","Marist"
"700","1986-1987","Marquette"
"701","1986-1987","Marshall"
"702","1986-1987","Maryland"
"703","1986-1987","Maryland-Baltimore County"
"704","1986-1987","Maryland-Eastern Shore"
"705","1986-1987","Massachusetts"
"706","1986-1987","McNeese State"
"707","1986-1987","Memphis"
"708","1986-1987","Mercer"
"709","1986-1987","Miami (FL)"
"710","1986-1987","Miami (OH)"
"711","1986-1987","Michigan"
"712","1986-1987","Michigan State"
"713","1986-1987","Middle Tennessee"
"714","1986-1987","Minnesota"
"715","1986-1987","Mississippi"
"716","1986-1987","Mississippi State"
"717","1986-1987","Mississippi Valley State"
"718","1986-1987","Missouri"
"719","1986-1987","Missouri State"
"720","1986-1987","Monmouth"
"721","1986-1987","Montana"
"722","1986-1987","Montana State"
"723","1986-1987","Morehead State"
"724","1986-1987","Morgan State"
"725","1986-1987","Murray State"
"726","1986-1987","Navy"
"727","1986-1987","Nebraska"
"728","1986-1987","Nevada"
"729","1986-1987","Nevada-Las Vegas"
"730","1986-1987","New Hampshire"
"731","1986-1987","New Mexico"
"732","1986-1987","New Mexico State"
"733","1986-1987","New Orleans"
"734","1986-1987","Niagara"
"735","1986-1987","Nicholls State"
"736","1986-1987","North Carolina"
"737","1986-1987","North Carolina-Asheville"
"738","1986-1987","North Carolina-Wilmington"
"739","1986-1987","North Carolina A&T"
"740","1986-1987","North Carolina State"
"741","1986-1987","North Texas"
"742","1986-1987","Northeastern"
"743","1986-1987","Northern Arizona"
"744","1986-1987","Northern Illinois"
"745","1986-1987","Northern Iowa"
"746","1986-1987","Northwestern"
"747","1986-1987","Northwestern State"
"748","1986-1987","Notre Dame"
"749","1986-1987","Ohio"
"750","1986-1987","Ohio State"
"751","1986-1987","Oklahoma"
"752","1986-1987","Oklahoma State"
"753","1986-1987","Old Dominion"
"754","1986-1987","Oral Roberts"
"755","1986-1987","Oregon"
"756","1986-1987","Oregon State"
"757","1986-1987","Pacific"
"758","1986-1987","Penn State"
"759","1986-1987","Pennsylvania"
"760","1986-1987","Pepperdine"
"761","1986-1987","Pittsburgh"
"762","1986-1987","Portland"
"763","1986-1987","Prairie View"
"764","1986-1987","Princeton"
"765","1986-1987","Providence"
"766","1986-1987","Purdue"
"767","1986-1987","Radford"
"768","1986-1987","Rhode Island"
"769","1986-1987","Rice"
"770","1986-1987","Richmond"
"771","1986-1987","Rider"
"772","1986-1987","Robert Morris"
"773","1986-1987","Rutgers"
"774","1986-1987","Saint Francis (PA)"
"775","1986-1987","Saint Joseph's"
"776","1986-1987","Saint Louis"
"777","1986-1987","Saint Mary's (CA)"
"778","1986-1987","Saint Peter's"
"779","1986-1987","Sam Houston State"
"780","1986-1987","Samford"
"781","1986-1987","San Diego"
"782","1986-1987","San Diego State"
"783","1986-1987","San Francisco"
"784","1986-1987","San Jose State"
"785","1986-1987","Santa Clara"
"786","1986-1987","Seton Hall"
"787","1986-1987","Siena"
"788","1986-1987","South Alabama"
"789","1986-1987","South Carolina"
"790","1986-1987","South Carolina State"
"791","1986-1987","South Florida"
"792","1986-1987","Southeastern Louisiana"
"793","1986-1987","Southern"
"794","1986-1987","Southern California"
"795","1986-1987","Southern Illinois"
"796","1986-1987","Southern Methodist"
"797","1986-1987","Southern Mississippi"
"798","1986-1987","St. Bonaventure"
"799","1986-1987","St. Francis (NY)"
"800","1986-1987","St. John's (NY)"
"801","1986-1987","Stanford"
"802","1986-1987","Stephen F. Austin"
"803","1986-1987","Stetson"
"804","1986-1987","Syracuse"
"805","1986-1987","Temple"
"806","1986-1987","Tennessee"
"807","1986-1987","Tennessee State"
"808","1986-1987","Tennessee Tech"
"809","1986-1987","Texas"
"810","1986-1987","Texas-Arlington"
"811","1986-1987","Texas-El Paso"
"812","1986-1987","Texas-Rio Grande Valley"
"813","1986-1987","Texas-San Antonio"
"814","1986-1987","Texas A&M"
"815","1986-1987","Texas Christian"
"816","1986-1987","Texas Southern"
"817","1986-1987","Texas State"
"818","1986-1987","Texas Tech"
"819","1986-1987","Toledo"
"820","1986-1987","Towson"
"821","1986-1987","Tulsa"
"822","1986-1987","U.S. International"
"823","1986-1987","UC-Irvine"
"824","1986-1987","UC-Santa Barbara"
"825","1986-1987","UCLA"
"826","1986-1987","University of California"
"827","1986-1987","Utah"
"828","1986-1987","Utah State"
"829","1986-1987","Utica"
"830","1986-1987","Valparaiso"
"831","1986-1987","Vanderbilt"
"832","1986-1987","Vermont"
"833","1986-1987","Villanova"
"834","1986-1987","Virginia"
"835","1986-1987","Virginia Commonwealth"
"836","1986-1987","Virginia Tech"
"837","1986-1987","VMI"
"838","1986-1987","Wagner"
"839","1986-1987","Wake Forest"
"840","1986-1987","Washington"
"841","1986-1987","Washington State"
"842","1986-1987","Weber State"
"843","1986-1987","West Virginia"
"844","1986-1987","Western Carolina"
"845","1986-1987","Western Illinois"
"846","1986-1987","Western Kentucky"
"847","1986-1987","Western Michigan"
"848","1986-1987","Wichita State"
"849","1986-1987","William & Mary"
"850","1986-1987","Winthrop"
"851","1986-1987","Wisconsin"
"852","1986-1987","Wyoming"
"853","1986-1987","Xavier"
"854","1986-1987","Yale"
"855","1986-1987","Youngstown State"
"856","1987-1988","Air Force"
"857","1987-1988","Akron"
"858","1987-1988","Alabama"
"859","1987-1988","Alabama-Birmingham"
"860","1987-1988","Alabama State"
"861","1987-1988","Alcorn State"
"862","1987-1988","American"
"863","1987-1988","Appalachian State"
"864","1987-1988","Arizona"
"865","1987-1988","Arizona State"
"866","1987-1988","Arkansas"
"867","1987-1988","Arkansas State"
"868","1987-1988","Army"
"869","1987-1988","Auburn"
"870","1987-1988","Augusta State"
"871","1987-1988","Austin Peay"
"872","1987-1988","Ball State"
"873","1987-1988","Baylor"
"874","1987-1988","Bethune-Cookman"
"875","1987-1988","Boise State"
"876","1987-1988","Boston College"
"877","1987-1988","Boston University"
"878","1987-1988","Bowling Green State"
"879","1987-1988","Bradley"
"880","1987-1988","Brigham Young"
"881","1987-1988","Brooklyn"
"882","1987-1988","Brown"
"883","1987-1988","Bucknell"
"884","1987-1988","Butler"
"885","1987-1988","Cal State Fullerton"
"886","1987-1988","Campbell"
"887","1987-1988","Canisius"
"888","1987-1988","Centenary (LA)"
"889","1987-1988","Central Connecticut State"
"890","1987-1988","Central Florida"
"891","1987-1988","Central Michigan"
"892","1987-1988","Charleston Southern"
"893","1987-1988","Charlotte"
"894","1987-1988","Chattanooga"
"895","1987-1988","Chicago State"
"896","1987-1988","Cincinnati"
"897","1987-1988","Citadel"
"898","1987-1988","Clemson"
"899","1987-1988","Cleveland State"
"900","1987-1988","Coastal Carolina"
"901","1987-1988","Colgate"
"902","1987-1988","Colorado"
"903","1987-1988","Colorado State"
"904","1987-1988","Columbia"
"905","1987-1988","Connecticut"
"906","1987-1988","Coppin State"
"907","1987-1988","Cornell"
"908","1987-1988","Creighton"
"909","1987-1988","Dartmouth"
"910","1987-1988","Davidson"
"911","1987-1988","Dayton"
"912","1987-1988","Delaware"
"913","1987-1988","Delaware State"
"914","1987-1988","DePaul"
"915","1987-1988","Detroit Mercy"
"916","1987-1988","Drake"
"917","1987-1988","Drexel"
"918","1987-1988","Duke"
"919","1987-1988","Duquesne"
"920","1987-1988","East Carolina"
"921","1987-1988","East Tennessee State"
"922","1987-1988","Eastern Illinois"
"923","1987-1988","Eastern Kentucky"
"924","1987-1988","Eastern Michigan"
"925","1987-1988","Eastern Washington"
"926","1987-1988","Evansville"
"927","1987-1988","Fairfield"
"928","1987-1988","Fairleigh Dickinson"
"929","1987-1988","Florida"
"930","1987-1988","Florida A&M"
"931","1987-1988","Florida International"
"932","1987-1988","Florida State"
"933","1987-1988","Fordham"
"934","1987-1988","Fresno State"
"935","1987-1988","Furman"
"936","1987-1988","George Mason"
"937","1987-1988","George Washington"
"938","1987-1988","Georgetown"
"939","1987-1988","Georgia"
"940","1987-1988","Georgia Southern"
"941","1987-1988","Georgia State"
"942","1987-1988","Georgia Tech"
"943","1987-1988","Gonzaga"
"944","1987-1988","Grambling"
"945","1987-1988","Green Bay"
"946","1987-1988","Hardin-Simmons"
"947","1987-1988","Hartford"
"948","1987-1988","Harvard"
"949","1987-1988","Hawaii"
"950","1987-1988","Hofstra"
"951","1987-1988","Holy Cross"
"952","1987-1988","Houston"
"953","1987-1988","Houston Baptist"
"954","1987-1988","Howard"
"955","1987-1988","Idaho"
"956","1987-1988","Idaho State"
"957","1987-1988","Illinois"
"958","1987-1988","Illinois-Chicago"
"959","1987-1988","Illinois State"
"960","1987-1988","Indiana"
"961","1987-1988","Indiana State"
"962","1987-1988","Iona"
"963","1987-1988","Iowa"
"964","1987-1988","Iowa State"
"965","1987-1988","Jackson State"
"966","1987-1988","Jacksonville"
"967","1987-1988","James Madison"
"968","1987-1988","Kansas"
"969","1987-1988","Kansas State"
"970","1987-1988","Kent State"
"971","1987-1988","Kentucky"
"972","1987-1988","La Salle"
"973","1987-1988","Lafayette"
"974","1987-1988","Lamar"
"975","1987-1988","Lehigh"
"976","1987-1988","Little Rock"
"977","1987-1988","Long Beach State"
"978","1987-1988","Long Island University"
"979","1987-1988","Louisiana"
"980","1987-1988","Louisiana-Monroe"
"981","1987-1988","Louisiana State"
"982","1987-1988","Louisiana Tech"
"983","1987-1988","Louisville"
"984","1987-1988","Loyola (IL)"
"985","1987-1988","Loyola (MD)"
"986","1987-1988","Loyola Marymount"
"987","1987-1988","Maine"
"988","1987-1988","Manhattan"
"989","1987-1988","Marist"
"990","1987-1988","Marquette"
"991","1987-1988","Marshall"
"992","1987-1988","Maryland"
"993","1987-1988","Maryland-Baltimore County"
"994","1987-1988","Maryland-Eastern Shore"
"995","1987-1988","Massachusetts"
"996","1987-1988","McNeese State"
"997","1987-1988","Memphis"
"998","1987-1988","Mercer"
"999","1987-1988","Miami (FL)"
"1000","1987-1988","Miami (OH)"
"1001","1987-1988","Michigan"
"1002","1987-1988","Michigan State"
"1003","1987-1988","Middle Tennessee"
"1004","1987-1988","Minnesota"
"1005","1987-1988","Mississippi"
"1006","1987-1988","Mississippi State"
"1007","1987-1988","Mississippi Valley State"
"1008","1987-1988","Missouri"
"1009","1987-1988","Missouri State"
"1010","1987-1988","Monmouth"
"1011","1987-1988","Montana"
"1012","1987-1988","Montana State"
"1013","1987-1988","Morehead State"
"1014","1987-1988","Morgan State"
"1015","1987-1988","Murray State"
"1016","1987-1988","Navy"
"1017","1987-1988","Nebraska"
"1018","1987-1988","Nevada"
"1019","1987-1988","Nevada-Las Vegas"
"1020","1987-1988","New Hampshire"
"1021","1987-1988","New Mexico"
"1022","1987-1988","New Mexico State"
"1023","1987-1988","New Orleans"
"1024","1987-1988","Niagara"
"1025","1987-1988","Nicholls State"
"1026","1987-1988","North Carolina"
"1027","1987-1988","North Carolina-Asheville"
"1028","1987-1988","North Carolina-Wilmington"
"1029","1987-1988","North Carolina A&T"
"1030","1987-1988","North Carolina State"
"1031","1987-1988","North Texas"
"1032","1987-1988","Northeastern"
"1033","1987-1988","Northern Arizona"
"1034","1987-1988","Northern Illinois"
"1035","1987-1988","Northern Iowa"
"1036","1987-1988","Northwestern"
"1037","1987-1988","Northwestern State"
"1038","1987-1988","Notre Dame"
"1039","1987-1988","Ohio"
"1040","1987-1988","Ohio State"
"1041","1987-1988","Oklahoma"
"1042","1987-1988","Oklahoma State"
"1043","1987-1988","Old Dominion"
"1044","1987-1988","Oral Roberts"
"1045","1987-1988","Oregon"
"1046","1987-1988","Oregon State"
"1047","1987-1988","Pacific"
"1048","1987-1988","Penn State"
"1049","1987-1988","Pennsylvania"
"1050","1987-1988","Pepperdine"
"1051","1987-1988","Pittsburgh"
"1052","1987-1988","Portland"
"1053","1987-1988","Prairie View"
"1054","1987-1988","Princeton"
"1055","1987-1988","Providence"
"1056","1987-1988","Purdue"
"1057","1987-1988","Radford"
"1058","1987-1988","Rhode Island"
"1059","1987-1988","Rice"
"1060","1987-1988","Richmond"
"1061","1987-1988","Rider"
"1062","1987-1988","Robert Morris"
"1063","1987-1988","Rutgers"
"1064","1987-1988","Saint Francis (PA)"
"1065","1987-1988","Saint Joseph's"
"1066","1987-1988","Saint Louis"
"1067","1987-1988","Saint Mary's (CA)"
"1068","1987-1988","Saint Peter's"
"1069","1987-1988","Sam Houston State"
"1070","1987-1988","Samford"
"1071","1987-1988","San Diego"
"1072","1987-1988","San Diego State"
"1073","1987-1988","San Francisco"
"1074","1987-1988","San Jose State"
"1075","1987-1988","Santa Clara"
"1076","1987-1988","Seton Hall"
"1077","1987-1988","Siena"
"1078","1987-1988","South Alabama"
"1079","1987-1988","South Carolina"
"1080","1987-1988","South Carolina State"
"1081","1987-1988","South Florida"
"1082","1987-1988","Southeastern Louisiana"
"1083","1987-1988","Southern"
"1084","1987-1988","Southern California"
"1085","1987-1988","Southern Illinois"
"1086","1987-1988","Southern Methodist"
"1087","1987-1988","Southern Mississippi"
"1088","1987-1988","St. Bonaventure"
"1089","1987-1988","St. Francis (NY)"
"1090","1987-1988","St. John's (NY)"
"1091","1987-1988","Stanford"
"1092","1987-1988","Stephen F. Austin"
"1093","1987-1988","Stetson"
"1094","1987-1988","Syracuse"
"1095","1987-1988","Temple"
"1096","1987-1988","Tennessee"
"1097","1987-1988","Tennessee State"
"1098","1987-1988","Tennessee Tech"
"1099","1987-1988","Texas"
"1100","1987-1988","Texas-Arlington"
"1101","1987-1988","Texas-El Paso"
"1102","1987-1988","Texas-Rio Grande Valley"
"1103","1987-1988","Texas-San Antonio"
"1104","1987-1988","Texas A&M"
"1105","1987-1988","Texas Christian"
"1106","1987-1988","Texas Southern"
"1107","1987-1988","Texas State"
"1108","1987-1988","Texas Tech"
"1109","1987-1988","Toledo"
"1110","1987-1988","Towson"
"1111","1987-1988","Tulsa"
"1112","1987-1988","U.S. International"
"1113","1987-1988","UC-Irvine"
"1114","1987-1988","UC-Santa Barbara"
"1115","1987-1988","UCLA"
"1116","1987-1988","University of California"
"1117","1987-1988","Utah"
"1118","1987-1988","Utah State"
"1119","1987-1988","Valparaiso"
"1120","1987-1988","Vanderbilt"
"1121","1987-1988","Vermont"
"1122","1987-1988","Villanova"
"1123","1987-1988","Virginia"
"1124","1987-1988","Virginia Commonwealth"
"1125","1987-1988","Virginia Tech"
"1126","1987-1988","VMI"
"1127","1987-1988","Wagner"
"1128","1987-1988","Wake Forest"
"1129","1987-1988","Washington"
"1130","1987-1988","Washington State"
"1131","1987-1988","Weber State"
"1132","1987-1988","West Virginia"
"1133","1987-1988","Western Carolina"
"1134","1987-1988","Western Illinois"
"1135","1987-1988","Western Kentucky"
"1136","1987-1988","Western Michigan"
"1137","1987-1988","Wichita State"
"1138","1987-1988","William & Mary"
"1139","1987-1988","Winthrop"
"1140","1987-1988","Wisconsin"
"1141","1987-1988","Wright State"
"1142","1987-1988","Wyoming"
"1143","1987-1988","Xavier"
"1144","1987-1988","Yale"
"1145","1987-1988","Youngstown State"
"1146","1988-1989","Air Force"
"1147","1988-1989","Akron"
"1148","1988-1989","Alabama"
"1149","1988-1989","Alabama-Birmingham"
"1150","1988-1989","Alabama State"
"1151","1988-1989","Alcorn State"
"1152","1988-1989","American"
"1153","1988-1989","Appalachian State"
"1154","1988-1989","Arizona"
"1155","1988-1989","Arizona State"
"1156","1988-1989","Arkansas"
"1157","1988-1989","Arkansas State"
"1158","1988-1989","Army"
"1159","1988-1989","Auburn"
"1160","1988-1989","Augusta State"
"1161","1988-1989","Austin Peay"
"1162","1988-1989","Ball State"
"1163","1988-1989","Baylor"
"1164","1988-1989","Bethune-Cookman"
"1165","1988-1989","Boise State"
"1166","1988-1989","Boston College"
"1167","1988-1989","Boston University"
"1168","1988-1989","Bowling Green State"
"1169","1988-1989","Bradley"
"1170","1988-1989","Brigham Young"
"1171","1988-1989","Brooklyn"
"1172","1988-1989","Brown"
"1173","1988-1989","Bucknell"
"1174","1988-1989","Butler"
"1175","1988-1989","Cal State Fullerton"
"1176","1988-1989","Campbell"
"1177","1988-1989","Canisius"
"1178","1988-1989","Centenary (LA)"
"1179","1988-1989","Central Connecticut State"
"1180","1988-1989","Central Florida"
"1181","1988-1989","Central Michigan"
"1182","1988-1989","Charleston Southern"
"1183","1988-1989","Charlotte"
"1184","1988-1989","Chattanooga"
"1185","1988-1989","Chicago State"
"1186","1988-1989","Cincinnati"
"1187","1988-1989","Citadel"
"1188","1988-1989","Clemson"
"1189","1988-1989","Cleveland State"
"1190","1988-1989","Coastal Carolina"
"1191","1988-1989","Colgate"
"1192","1988-1989","Colorado"
"1193","1988-1989","Colorado State"
"1194","1988-1989","Columbia"
"1195","1988-1989","Connecticut"
"1196","1988-1989","Coppin State"
"1197","1988-1989","Cornell"
"1198","1988-1989","Creighton"
"1199","1988-1989","Dartmouth"
"1200","1988-1989","Davidson"
"1201","1988-1989","Dayton"
"1202","1988-1989","Delaware"
"1203","1988-1989","Delaware State"
"1204","1988-1989","DePaul"
"1205","1988-1989","Detroit Mercy"
"1206","1988-1989","Drake"
"1207","1988-1989","Drexel"
"1208","1988-1989","Duke"
"1209","1988-1989","Duquesne"
"1210","1988-1989","East Carolina"
"1211","1988-1989","East Tennessee State"
"1212","1988-1989","Eastern Illinois"
"1213","1988-1989","Eastern Kentucky"
"1214","1988-1989","Eastern Michigan"
"1215","1988-1989","Eastern Washington"
"1216","1988-1989","Evansville"
"1217","1988-1989","Fairfield"
"1218","1988-1989","Fairleigh Dickinson"
"1219","1988-1989","Florida"
"1220","1988-1989","Florida A&M"
"1221","1988-1989","Florida International"
"1222","1988-1989","Florida State"
"1223","1988-1989","Fordham"
"1224","1988-1989","Fresno State"
"1225","1988-1989","Furman"
"1226","1988-1989","George Mason"
"1227","1988-1989","George Washington"
"1228","1988-1989","Georgetown"
"1229","1988-1989","Georgia"
"1230","1988-1989","Georgia Southern"
"1231","1988-1989","Georgia State"
"1232","1988-1989","Georgia Tech"
"1233","1988-1989","Gonzaga"
"1234","1988-1989","Grambling"
"1235","1988-1989","Green Bay"
"1236","1988-1989","Hardin-Simmons"
"1237","1988-1989","Hartford"
"1238","1988-1989","Harvard"
"1239","1988-1989","Hawaii"
"1240","1988-1989","Hofstra"
"1241","1988-1989","Holy Cross"
"1242","1988-1989","Houston"
"1243","1988-1989","Houston Baptist"
"1244","1988-1989","Howard"
"1245","1988-1989","Idaho"
"1246","1988-1989","Idaho State"
"1247","1988-1989","Illinois"
"1248","1988-1989","Illinois-Chicago"
"1249","1988-1989","Illinois State"
"1250","1988-1989","Indiana"
"1251","1988-1989","Indiana State"
"1252","1988-1989","Iona"
"1253","1988-1989","Iowa"
"1254","1988-1989","Iowa State"
"1255","1988-1989","Jackson State"
"1256","1988-1989","Jacksonville"
"1257","1988-1989","James Madison"
"1258","1988-1989","Kansas"
"1259","1988-1989","Kansas State"
"1260","1988-1989","Kent State"
"1261","1988-1989","Kentucky"
"1262","1988-1989","La Salle"
"1263","1988-1989","Lafayette"
"1264","1988-1989","Lamar"
"1265","1988-1989","Lehigh"
"1266","1988-1989","Liberty"
"1267","1988-1989","Little Rock"
"1268","1988-1989","Long Beach State"
"1269","1988-1989","Long Island University"
"1270","1988-1989","Louisiana"
"1271","1988-1989","Louisiana-Monroe"
"1272","1988-1989","Louisiana State"
"1273","1988-1989","Louisiana Tech"
"1274","1988-1989","Louisville"
"1275","1988-1989","Loyola (IL)"
"1276","1988-1989","Loyola (MD)"
"1277","1988-1989","Loyola Marymount"
"1278","1988-1989","Maine"
"1279","1988-1989","Manhattan"
"1280","1988-1989","Marist"
"1281","1988-1989","Marquette"
"1282","1988-1989","Marshall"
"1283","1988-1989","Maryland"
"1284","1988-1989","Maryland-Baltimore County"
"1285","1988-1989","Maryland-Eastern Shore"
"1286","1988-1989","Massachusetts"
"1287","1988-1989","McNeese State"
"1288","1988-1989","Memphis"
"1289","1988-1989","Mercer"
"1290","1988-1989","Miami (FL)"
"1291","1988-1989","Miami (OH)"
"1292","1988-1989","Michigan"
"1293","1988-1989","Michigan State"
"1294","1988-1989","Middle Tennessee"
"1295","1988-1989","Minnesota"
"1296","1988-1989","Mississippi"
"1297","1988-1989","Mississippi State"
"1298","1988-1989","Mississippi Valley State"
"1299","1988-1989","Missouri"
"1300","1988-1989","Missouri State"
"1301","1988-1989","Monmouth"
"1302","1988-1989","Montana"
"1303","1988-1989","Montana State"
"1304","1988-1989","Morehead State"
"1305","1988-1989","Morgan State"
"1306","1988-1989","Mount St. Mary's"
"1307","1988-1989","Murray State"
"1308","1988-1989","Navy"
"1309","1988-1989","Nebraska"
"1310","1988-1989","Nevada"
"1311","1988-1989","Nevada-Las Vegas"
"1312","1988-1989","New Hampshire"
"1313","1988-1989","New Mexico"
"1314","1988-1989","New Mexico State"
"1315","1988-1989","New Orleans"
"1316","1988-1989","Niagara"
"1317","1988-1989","Nicholls State"
"1318","1988-1989","North Carolina"
"1319","1988-1989","North Carolina-Asheville"
"1320","1988-1989","North Carolina-Wilmington"
"1321","1988-1989","North Carolina A&T"
"1322","1988-1989","North Carolina State"
"1323","1988-1989","North Texas"
"1324","1988-1989","Northeastern"
"1325","1988-1989","Northern Arizona"
"1326","1988-1989","Northern Illinois"
"1327","1988-1989","Northern Iowa"
"1328","1988-1989","Northwestern"
"1329","1988-1989","Northwestern State"
"1330","1988-1989","Notre Dame"
"1331","1988-1989","Ohio"
"1332","1988-1989","Ohio State"
"1333","1988-1989","Oklahoma"
"1334","1988-1989","Oklahoma State"
"1335","1988-1989","Old Dominion"
"1336","1988-1989","Oral Roberts"
"1337","1988-1989","Oregon"
"1338","1988-1989","Oregon State"
"1339","1988-1989","Pacific"
"1340","1988-1989","Penn State"
"1341","1988-1989","Pennsylvania"
"1342","1988-1989","Pepperdine"
"1343","1988-1989","Pittsburgh"
"1344","1988-1989","Portland"
"1345","1988-1989","Prairie View"
"1346","1988-1989","Princeton"
"1347","1988-1989","Providence"
"1348","1988-1989","Purdue"
"1349","1988-1989","Radford"
"1350","1988-1989","Rhode Island"
"1351","1988-1989","Rice"
"1352","1988-1989","Richmond"
"1353","1988-1989","Rider"
"1354","1988-1989","Robert Morris"
"1355","1988-1989","Rutgers"
"1356","1988-1989","Saint Francis (PA)"
"1357","1988-1989","Saint Joseph's"
"1358","1988-1989","Saint Louis"
"1359","1988-1989","Saint Mary's (CA)"
"1360","1988-1989","Saint Peter's"
"1361","1988-1989","Sam Houston State"
"1362","1988-1989","Samford"
"1363","1988-1989","San Diego"
"1364","1988-1989","San Diego State"
"1365","1988-1989","San Francisco"
"1366","1988-1989","San Jose State"
"1367","1988-1989","Santa Clara"
"1368","1988-1989","Seton Hall"
"1369","1988-1989","Siena"
"1370","1988-1989","South Alabama"
"1371","1988-1989","South Carolina"
"1372","1988-1989","South Carolina State"
"1373","1988-1989","South Florida"
"1374","1988-1989","Southeastern Louisiana"
"1375","1988-1989","Southern"
"1376","1988-1989","Southern California"
"1377","1988-1989","Southern Illinois"
"1378","1988-1989","Southern Methodist"
"1379","1988-1989","Southern Mississippi"
"1380","1988-1989","Southern Utah"
"1381","1988-1989","St. Bonaventure"
"1382","1988-1989","St. Francis (NY)"
"1383","1988-1989","St. John's (NY)"
"1384","1988-1989","Stanford"
"1385","1988-1989","Stephen F. Austin"
"1386","1988-1989","Stetson"
"1387","1988-1989","Syracuse"
"1388","1988-1989","Temple"
"1389","1988-1989","Tennessee"
"1390","1988-1989","Tennessee State"
"1391","1988-1989","Tennessee Tech"
"1392","1988-1989","Texas"
"1393","1988-1989","Texas-Arlington"
"1394","1988-1989","Texas-El Paso"
"1395","1988-1989","Texas-Rio Grande Valley"
"1396","1988-1989","Texas-San Antonio"
"1397","1988-1989","Texas A&M"
"1398","1988-1989","Texas Christian"
"1399","1988-1989","Texas Southern"
"1400","1988-1989","Texas State"
"1401","1988-1989","Texas Tech"
"1402","1988-1989","Toledo"
"1403","1988-1989","Towson"
"1404","1988-1989","Tulsa"
"1405","1988-1989","U.S. International"
"1406","1988-1989","UC-Irvine"
"1407","1988-1989","UC-Santa Barbara"
"1408","1988-1989","UCLA"
"1409","1988-1989","University of California"
"1410","1988-1989","Utah"
"1411","1988-1989","Utah State"
"1412","1988-1989","Valparaiso"
"1413","1988-1989","Vanderbilt"
"1414","1988-1989","Vermont"
"1415","1988-1989","Villanova"
"1416","1988-1989","Virginia"
"1417","1988-1989","Virginia Commonwealth"
"1418","1988-1989","Virginia Tech"
"1419","1988-1989","VMI"
"1420","1988-1989","Wagner"
"1421","1988-1989","Wake Forest"
"1422","1988-1989","Washington"
"1423","1988-1989","Washington State"
"1424","1988-1989","Weber State"
"1425","1988-1989","West Virginia"
"1426","1988-1989","Western Carolina"
"1427","1988-1989","Western Illinois"
"1428","1988-1989","Western Kentucky"
"1429","1988-1989","Western Michigan"
"1430","1988-1989","Wichita State"
"1431","1988-1989","William & Mary"
"1432","1988-1989","Winthrop"
"1433","1988-1989","Wisconsin"
"1434","1988-1989","Wright State"
"1435","1988-1989","Wyoming"
"1436","1988-1989","Xavier"
"1437","1988-1989","Yale"
"1438","1988-1989","Youngstown State"
"1439","1989-1990","Air Force"
"1440","1989-1990","Akron"
"1441","1989-1990","Alabama"
"1442","1989-1990","Alabama-Birmingham"
"1443","1989-1990","Alabama State"
"1444","1989-1990","Alcorn State"
"1445","1989-1990","American"
"1446","1989-1990","Appalachian State"
"1447","1989-1990","Arizona"
"1448","1989-1990","Arizona State"
"1449","1989-1990","Arkansas"
"1450","1989-1990","Arkansas State"
"1451","1989-1990","Army"
"1452","1989-1990","Auburn"
"1453","1989-1990","Augusta State"
"1454","1989-1990","Austin Peay"
"1455","1989-1990","Ball State"
"1456","1989-1990","Baylor"
"1457","1989-1990","Bethune-Cookman"
"1458","1989-1990","Boise State"
"1459","1989-1990","Boston College"
"1460","1989-1990","Boston University"
"1461","1989-1990","Bowling Green State"
"1462","1989-1990","Bradley"
"1463","1989-1990","Brigham Young"
"1464","1989-1990","Brooklyn"
"1465","1989-1990","Brown"
"1466","1989-1990","Bucknell"
"1467","1989-1990","Butler"
"1468","1989-1990","Cal State Fullerton"
"1469","1989-1990","Campbell"
"1470","1989-1990","Canisius"
"1471","1989-1990","Centenary (LA)"
"1472","1989-1990","Central Connecticut State"
"1473","1989-1990","Central Florida"
"1474","1989-1990","Central Michigan"
"1475","1989-1990","Charleston Southern"
"1476","1989-1990","Charlotte"
"1477","1989-1990","Chattanooga"
"1478","1989-1990","Chicago State"
"1479","1989-1990","Cincinnati"
"1480","1989-1990","Citadel"
"1481","1989-1990","Clemson"
"1482","1989-1990","Cleveland State"
"1483","1989-1990","Coastal Carolina"
"1484","1989-1990","Colgate"
"1485","1989-1990","Colorado"
"1486","1989-1990","Colorado State"
"1487","1989-1990","Columbia"
"1488","1989-1990","Connecticut"
"1489","1989-1990","Coppin State"
"1490","1989-1990","Cornell"
"1491","1989-1990","Creighton"
"1492","1989-1990","Dartmouth"
"1493","1989-1990","Davidson"
"1494","1989-1990","Dayton"
"1495","1989-1990","Delaware"
"1496","1989-1990","Delaware State"
"1497","1989-1990","DePaul"
"1498","1989-1990","Detroit Mercy"
"1499","1989-1990","Drake"
"1500","1989-1990","Drexel"
"1501","1989-1990","Duke"
"1502","1989-1990","Duquesne"
"1503","1989-1990","East Carolina"
"1504","1989-1990","East Tennessee State"
"1505","1989-1990","Eastern Illinois"
"1506","1989-1990","Eastern Kentucky"
"1507","1989-1990","Eastern Michigan"
"1508","1989-1990","Eastern Washington"
"1509","1989-1990","Evansville"
"1510","1989-1990","Fairfield"
"1511","1989-1990","Fairleigh Dickinson"
"1512","1989-1990","Florida"
"1513","1989-1990","Florida A&M"
"1514","1989-1990","Florida International"
"1515","1989-1990","Florida State"
"1516","1989-1990","Fordham"
"1517","1989-1990","Fresno State"
"1518","1989-1990","Furman"
"1519","1989-1990","George Mason"
"1520","1989-1990","George Washington"
"1521","1989-1990","Georgetown"
"1522","1989-1990","Georgia"
"1523","1989-1990","Georgia Southern"
"1524","1989-1990","Georgia State"
"1525","1989-1990","Georgia Tech"
"1526","1989-1990","Gonzaga"
"1527","1989-1990","Grambling"
"1528","1989-1990","Green Bay"
"1529","1989-1990","Hardin-Simmons"
"1530","1989-1990","Hartford"
"1531","1989-1990","Harvard"
"1532","1989-1990","Hawaii"
"1533","1989-1990","Hofstra"
"1534","1989-1990","Holy Cross"
"1535","1989-1990","Houston"
"1536","1989-1990","Howard"
"1537","1989-1990","Idaho"
"1538","1989-1990","Idaho State"
"1539","1989-1990","Illinois"
"1540","1989-1990","Illinois-Chicago"
"1541","1989-1990","Illinois State"
"1542","1989-1990","Indiana"
"1543","1989-1990","Indiana State"
"1544","1989-1990","Iona"
"1545","1989-1990","Iowa"
"1546","1989-1990","Iowa State"
"1547","1989-1990","Jackson State"
"1548","1989-1990","Jacksonville"
"1549","1989-1990","James Madison"
"1550","1989-1990","Kansas"
"1551","1989-1990","Kansas State"
"1552","1989-1990","Kent State"
"1553","1989-1990","Kentucky"
"1554","1989-1990","La Salle"
"1555","1989-1990","Lafayette"
"1556","1989-1990","Lamar"
"1557","1989-1990","Lehigh"
"1558","1989-1990","Liberty"
"1559","1989-1990","Little Rock"
"1560","1989-1990","Long Beach State"
"1561","1989-1990","Long Island University"
"1562","1989-1990","Louisiana"
"1563","1989-1990","Louisiana-Monroe"
"1564","1989-1990","Louisiana State"
"1565","1989-1990","Louisiana Tech"
"1566","1989-1990","Louisville"
"1567","1989-1990","Loyola (IL)"
"1568","1989-1990","Loyola (MD)"
"1569","1989-1990","Loyola Marymount"
"1570","1989-1990","Maine"
"1571","1989-1990","Manhattan"
"1572","1989-1990","Marist"
"1573","1989-1990","Marquette"
"1574","1989-1990","Marshall"
"1575","1989-1990","Maryland"
"1576","1989-1990","Maryland-Baltimore County"
"1577","1989-1990","Maryland-Eastern Shore"
"1578","1989-1990","Massachusetts"
"1579","1989-1990","McNeese State"
"1580","1989-1990","Memphis"
"1581","1989-1990","Mercer"
"1582","1989-1990","Miami (FL)"
"1583","1989-1990","Miami (OH)"
"1584","1989-1990","Michigan"
"1585","1989-1990","Michigan State"
"1586","1989-1990","Middle Tennessee"
"1587","1989-1990","Minnesota"
"1588","1989-1990","Mississippi"
"1589","1989-1990","Mississippi State"
"1590","1989-1990","Mississippi Valley State"
"1591","1989-1990","Missouri"
"1592","1989-1990","Missouri-Kansas City"
"1593","1989-1990","Missouri State"
"1594","1989-1990","Monmouth"
"1595","1989-1990","Montana"
"1596","1989-1990","Montana State"
"1597","1989-1990","Morehead State"
"1598","1989-1990","Morgan State"
"1599","1989-1990","Mount St. Mary's"
"1600","1989-1990","Murray State"
"1601","1989-1990","Navy"
"1602","1989-1990","Nebraska"
"1603","1989-1990","Nevada"
"1604","1989-1990","Nevada-Las Vegas"
"1605","1989-1990","New Hampshire"
"1606","1989-1990","New Mexico"
"1607","1989-1990","New Mexico State"
"1608","1989-1990","New Orleans"
"1609","1989-1990","Niagara"
"1610","1989-1990","Nicholls State"
"1611","1989-1990","North Carolina"
"1612","1989-1990","North Carolina-Asheville"
"1613","1989-1990","North Carolina-Wilmington"
"1614","1989-1990","North Carolina A&T"
"1615","1989-1990","North Carolina State"
"1616","1989-1990","North Texas"
"1617","1989-1990","Northeastern"
"1618","1989-1990","Northern Arizona"
"1619","1989-1990","Northern Illinois"
"1620","1989-1990","Northern Iowa"
"1621","1989-1990","Northwestern"
"1622","1989-1990","Northwestern State"
"1623","1989-1990","Notre Dame"
"1624","1989-1990","Ohio"
"1625","1989-1990","Ohio State"
"1626","1989-1990","Oklahoma"
"1627","1989-1990","Oklahoma State"
"1628","1989-1990","Old Dominion"
"1629","1989-1990","Oregon"
"1630","1989-1990","Oregon State"
"1631","1989-1990","Pacific"
"1632","1989-1990","Penn State"
"1633","1989-1990","Pennsylvania"
"1634","1989-1990","Pepperdine"
"1635","1989-1990","Pittsburgh"
"1636","1989-1990","Portland"
"1637","1989-1990","Prairie View"
"1638","1989-1990","Princeton"
"1639","1989-1990","Providence"
"1640","1989-1990","Purdue"
"1641","1989-1990","Radford"
"1642","1989-1990","Rhode Island"
"1643","1989-1990","Rice"
"1644","1989-1990","Richmond"
"1645","1989-1990","Rider"
"1646","1989-1990","Robert Morris"
"1647","1989-1990","Rutgers"
"1648","1989-1990","Saint Francis (PA)"
"1649","1989-1990","Saint Joseph's"
"1650","1989-1990","Saint Louis"
"1651","1989-1990","Saint Mary's (CA)"
"1652","1989-1990","Saint Peter's"
"1653","1989-1990","Sam Houston State"
"1654","1989-1990","Samford"
"1655","1989-1990","San Diego"
"1656","1989-1990","San Diego State"
"1657","1989-1990","San Francisco"
"1658","1989-1990","San Jose State"
"1659","1989-1990","Santa Clara"
"1660","1989-1990","Seton Hall"
"1661","1989-1990","Siena"
"1662","1989-1990","South Alabama"
"1663","1989-1990","South Carolina"
"1664","1989-1990","South Carolina State"
"1665","1989-1990","South Florida"
"1666","1989-1990","Southern"
"1667","1989-1990","Southern California"
"1668","1989-1990","Southern Illinois"
"1669","1989-1990","Southern Methodist"
"1670","1989-1990","Southern Mississippi"
"1671","1989-1990","Southern Utah"
"1672","1989-1990","St. Bonaventure"
"1673","1989-1990","St. Francis (NY)"
"1674","1989-1990","St. John's (NY)"
"1675","1989-1990","Stanford"
"1676","1989-1990","Stephen F. Austin"
"1677","1989-1990","Stetson"
"1678","1989-1990","Syracuse"
"1679","1989-1990","Temple"
"1680","1989-1990","Tennessee"
"1681","1989-1990","Tennessee State"
"1682","1989-1990","Tennessee Tech"
"1683","1989-1990","Texas"
"1684","1989-1990","Texas-Arlington"
"1685","1989-1990","Texas-El Paso"
"1686","1989-1990","Texas-Rio Grande Valley"
"1687","1989-1990","Texas-San Antonio"
"1688","1989-1990","Texas A&M"
"1689","1989-1990","Texas Christian"
"1690","1989-1990","Texas Southern"
"1691","1989-1990","Texas State"
"1692","1989-1990","Texas Tech"
"1693","1989-1990","Toledo"
"1694","1989-1990","Towson"
"1695","1989-1990","Tulane"
"1696","1989-1990","Tulsa"
"1697","1989-1990","U.S. International"
"1698","1989-1990","UC-Irvine"
"1699","1989-1990","UC-Santa Barbara"
"1700","1989-1990","UCLA"
"1701","1989-1990","University of California"
"1702","1989-1990","Utah"
"1703","1989-1990","Utah State"
"1704","1989-1990","Valparaiso"
"1705","1989-1990","Vanderbilt"
"1706","1989-1990","Vermont"
"1707","1989-1990","Villanova"
"1708","1989-1990","Virginia"
"1709","1989-1990","Virginia Commonwealth"
"1710","1989-1990","Virginia Tech"
"1711","1989-1990","VMI"
"1712","1989-1990","Wagner"
"1713","1989-1990","Wake Forest"
"1714","1989-1990","Washington"
"1715","1989-1990","Washington State"
"1716","1989-1990","Weber State"
"1717","1989-1990","West Virginia"
"1718","1989-1990","Western Carolina"
"1719","1989-1990","Western Illinois"
"1720","1989-1990","Western Kentucky"
"1721","1989-1990","Western Michigan"
"1722","1989-1990","Wichita State"
"1723","1989-1990","William & Mary"
"1724","1989-1990","Winthrop"
"1725","1989-1990","Wisconsin"
"1726","1989-1990","Wright State"
"1727","1989-1990","Wyoming"
"1728","1989-1990","Xavier"
"1729","1989-1990","Yale"
"1730","1989-1990","Youngstown State"
"1731","1990-1991","Air Force"
"1732","1990-1991","Akron"
"1733","1990-1991","Alabama"
"1734","1990-1991","Alabama-Birmingham"
"1735","1990-1991","Alabama State"
"1736","1990-1991","Alcorn State"
"1737","1990-1991","American"
"1738","1990-1991","Appalachian State"
"1739","1990-1991","Arizona"
"1740","1990-1991","Arizona State"
"1741","1990-1991","Arkansas"
"1742","1990-1991","Arkansas State"
"1743","1990-1991","Army"
"1744","1990-1991","Auburn"
"1745","1990-1991","Augusta State"
"1746","1990-1991","Austin Peay"
"1747","1990-1991","Ball State"
"1748","1990-1991","Baylor"
"1749","1990-1991","Bethune-Cookman"
"1750","1990-1991","Boise State"
"1751","1990-1991","Boston College"
"1752","1990-1991","Boston University"
"1753","1990-1991","Bowling Green State"
"1754","1990-1991","Bradley"
"1755","1990-1991","Brigham Young"
"1756","1990-1991","Brooklyn"
"1757","1990-1991","Brown"
"1758","1990-1991","Bucknell"
"1759","1990-1991","Butler"
"1760","1990-1991","Cal State Fullerton"
"1761","1990-1991","Cal State Northridge"
"1762","1990-1991","Campbell"
"1763","1990-1991","Canisius"
"1764","1990-1991","Centenary (LA)"
"1765","1990-1991","Central Connecticut State"
"1766","1990-1991","Central Florida"
"1767","1990-1991","Central Michigan"
"1768","1990-1991","Charleston Southern"
"1769","1990-1991","Charlotte"
"1770","1990-1991","Chattanooga"
"1771","1990-1991","Chicago State"
"1772","1990-1991","Cincinnati"
"1773","1990-1991","Citadel"
"1774","1990-1991","Clemson"
"1775","1990-1991","Cleveland State"
"1776","1990-1991","Coastal Carolina"
"1777","1990-1991","Colgate"
"1778","1990-1991","Colorado"
"1779","1990-1991","Colorado State"
"1780","1990-1991","Columbia"
"1781","1990-1991","Connecticut"
"1782","1990-1991","Coppin State"
"1783","1990-1991","Cornell"
"1784","1990-1991","Creighton"
"1785","1990-1991","Dartmouth"
"1786","1990-1991","Davidson"
"1787","1990-1991","Dayton"
"1788","1990-1991","Delaware"
"1789","1990-1991","Delaware State"
"1790","1990-1991","DePaul"
"1791","1990-1991","Detroit Mercy"
"1792","1990-1991","Drake"
"1793","1990-1991","Drexel"
"1794","1990-1991","Duke"
"1795","1990-1991","Duquesne"
"1796","1990-1991","East Carolina"
"1797","1990-1991","East Tennessee State"
"1798","1990-1991","Eastern Illinois"
"1799","1990-1991","Eastern Kentucky"
"1800","1990-1991","Eastern Michigan"
"1801","1990-1991","Eastern Washington"
"1802","1990-1991","Evansville"
"1803","1990-1991","Fairfield"
"1804","1990-1991","Fairleigh Dickinson"
"1805","1990-1991","Florida"
"1806","1990-1991","Florida A&M"
"1807","1990-1991","Florida International"
"1808","1990-1991","Florida State"
"1809","1990-1991","Fordham"
"1810","1990-1991","Fresno State"
"1811","1990-1991","Furman"
"1812","1990-1991","George Mason"
"1813","1990-1991","George Washington"
"1814","1990-1991","Georgetown"
"1815","1990-1991","Georgia"
"1816","1990-1991","Georgia Southern"
"1817","1990-1991","Georgia State"
"1818","1990-1991","Georgia Tech"
"1819","1990-1991","Gonzaga"
"1820","1990-1991","Grambling"
"1821","1990-1991","Green Bay"
"1822","1990-1991","Hartford"
"1823","1990-1991","Harvard"
"1824","1990-1991","Hawaii"
"1825","1990-1991","Hofstra"
"1826","1990-1991","Holy Cross"
"1827","1990-1991","Houston"
"1828","1990-1991","Howard"
"1829","1990-1991","Idaho"
"1830","1990-1991","Idaho State"
"1831","1990-1991","Illinois"
"1832","1990-1991","Illinois-Chicago"
"1833","1990-1991","Illinois State"
"1834","1990-1991","Indiana"
"1835","1990-1991","Indiana State"
"1836","1990-1991","Iona"
"1837","1990-1991","Iowa"
"1838","1990-1991","Iowa State"
"1839","1990-1991","Jackson State"
"1840","1990-1991","Jacksonville"
"1841","1990-1991","James Madison"
"1842","1990-1991","Kansas"
"1843","1990-1991","Kansas State"
"1844","1990-1991","Kent State"
"1845","1990-1991","Kentucky"
"1846","1990-1991","La Salle"
"1847","1990-1991","Lafayette"
"1848","1990-1991","Lamar"
"1849","1990-1991","Lehigh"
"1850","1990-1991","Liberty"
"1851","1990-1991","Little Rock"
"1852","1990-1991","Long Beach State"
"1853","1990-1991","Long Island University"
"1854","1990-1991","Louisiana"
"1855","1990-1991","Louisiana-Monroe"
"1856","1990-1991","Louisiana State"
"1857","1990-1991","Louisiana Tech"
"1858","1990-1991","Louisville"
"1859","1990-1991","Loyola (IL)"
"1860","1990-1991","Loyola (MD)"
"1861","1990-1991","Loyola Marymount"
"1862","1990-1991","Maine"
"1863","1990-1991","Manhattan"
"1864","1990-1991","Marist"
"1865","1990-1991","Marquette"
"1866","1990-1991","Marshall"
"1867","1990-1991","Maryland"
"1868","1990-1991","Maryland-Baltimore County"
"1869","1990-1991","Maryland-Eastern Shore"
"1870","1990-1991","Massachusetts"
"1871","1990-1991","McNeese State"
"1872","1990-1991","Memphis"
"1873","1990-1991","Mercer"
"1874","1990-1991","Miami (FL)"
"1875","1990-1991","Miami (OH)"
"1876","1990-1991","Michigan"
"1877","1990-1991","Michigan State"
"1878","1990-1991","Middle Tennessee"
"1879","1990-1991","Milwaukee"
"1880","1990-1991","Minnesota"
"1881","1990-1991","Mississippi"
"1882","1990-1991","Mississippi State"
"1883","1990-1991","Mississippi Valley State"
"1884","1990-1991","Missouri"
"1885","1990-1991","Missouri-Kansas City"
"1886","1990-1991","Missouri State"
"1887","1990-1991","Monmouth"
"1888","1990-1991","Montana"
"1889","1990-1991","Montana State"
"1890","1990-1991","Morehead State"
"1891","1990-1991","Morgan State"
"1892","1990-1991","Mount St. Mary's"
"1893","1990-1991","Murray State"
"1894","1990-1991","Navy"
"1895","1990-1991","Nebraska"
"1896","1990-1991","Nevada"
"1897","1990-1991","Nevada-Las Vegas"
"1898","1990-1991","New Hampshire"
"1899","1990-1991","New Mexico"
"1900","1990-1991","New Mexico State"
"1901","1990-1991","New Orleans"
"1902","1990-1991","Niagara"
"1903","1990-1991","Nicholls State"
"1904","1990-1991","North Carolina"
"1905","1990-1991","North Carolina-Asheville"
"1906","1990-1991","North Carolina-Wilmington"
"1907","1990-1991","North Carolina A&T"
"1908","1990-1991","North Carolina State"
"1909","1990-1991","North Texas"
"1910","1990-1991","Northeastern"
"1911","1990-1991","Northeastern Illinois"
"1912","1990-1991","Northern Arizona"
"1913","1990-1991","Northern Illinois"
"1914","1990-1991","Northern Iowa"
"1915","1990-1991","Northwestern"
"1916","1990-1991","Northwestern State"
"1917","1990-1991","Notre Dame"
"1918","1990-1991","Ohio"
"1919","1990-1991","Ohio State"
"1920","1990-1991","Oklahoma"
"1921","1990-1991","Oklahoma State"
"1922","1990-1991","Old Dominion"
"1923","1990-1991","Oregon"
"1924","1990-1991","Oregon State"
"1925","1990-1991","Pacific"
"1926","1990-1991","Penn State"
"1927","1990-1991","Pennsylvania"
"1928","1990-1991","Pepperdine"
"1929","1990-1991","Pittsburgh"
"1930","1990-1991","Portland"
"1931","1990-1991","Prairie View"
"1932","1990-1991","Princeton"
"1933","1990-1991","Providence"
"1934","1990-1991","Purdue"
"1935","1990-1991","Radford"
"1936","1990-1991","Rhode Island"
"1937","1990-1991","Rice"
"1938","1990-1991","Richmond"
"1939","1990-1991","Rider"
"1940","1990-1991","Robert Morris"
"1941","1990-1991","Rutgers"
"1942","1990-1991","Saint Francis (PA)"
"1943","1990-1991","Saint Joseph's"
"1944","1990-1991","Saint Louis"
"1945","1990-1991","Saint Mary's (CA)"
"1946","1990-1991","Saint Peter's"
"1947","1990-1991","Sam Houston State"
"1948","1990-1991","Samford"
"1949","1990-1991","San Diego"
"1950","1990-1991","San Diego State"
"1951","1990-1991","San Francisco"
"1952","1990-1991","San Jose State"
"1953","1990-1991","Santa Clara"
"1954","1990-1991","Seton Hall"
"1955","1990-1991","Siena"
"1956","1990-1991","South Alabama"
"1957","1990-1991","South Carolina"
"1958","1990-1991","South Carolina State"
"1959","1990-1991","South Florida"
"1960","1990-1991","Southeastern Louisiana"
"1961","1990-1991","Southern"
"1962","1990-1991","Southern California"
"1963","1990-1991","Southern Illinois"
"1964","1990-1991","Southern Methodist"
"1965","1990-1991","Southern Mississippi"
"1966","1990-1991","Southern Utah"
"1967","1990-1991","St. Bonaventure"
"1968","1990-1991","St. Francis (NY)"
"1969","1990-1991","St. John's (NY)"
"1970","1990-1991","Stanford"
"1971","1990-1991","Stephen F. Austin"
"1972","1990-1991","Stetson"
"1973","1990-1991","Syracuse"
"1974","1990-1991","Temple"
"1975","1990-1991","Tennessee"
"1976","1990-1991","Tennessee State"
"1977","1990-1991","Tennessee Tech"
"1978","1990-1991","Texas"
"1979","1990-1991","Texas-Arlington"
"1980","1990-1991","Texas-El Paso"
"1981","1990-1991","Texas-Rio Grande Valley"
"1982","1990-1991","Texas-San Antonio"
"1983","1990-1991","Texas A&M"
"1984","1990-1991","Texas Christian"
"1985","1990-1991","Texas Southern"
"1986","1990-1991","Texas State"
"1987","1990-1991","Texas Tech"
"1988","1990-1991","Toledo"
"1989","1990-1991","Towson"
"1990","1990-1991","Tulane"
"1991","1990-1991","Tulsa"
"1992","1990-1991","U.S. International"
"1993","1990-1991","UC-Irvine"
"1994","1990-1991","UC-Santa Barbara"
"1995","1990-1991","UCLA"
"1996","1990-1991","University of California"
"1997","1990-1991","Utah"
"1998","1990-1991","Utah State"
"1999","1990-1991","Valparaiso"
"2000","1990-1991","Vanderbilt"
"2001","1990-1991","Vermont"
"2002","1990-1991","Villanova"
"2003","1990-1991","Virginia"
"2004","1990-1991","Virginia Commonwealth"
"2005","1990-1991","Virginia Tech"
"2006","1990-1991","VMI"
"2007","1990-1991","Wagner"
"2008","1990-1991","Wake Forest"
"2009","1990-1991","Washington"
"2010","1990-1991","Washington State"
"2011","1990-1991","Weber State"
"2012","1990-1991","West Virginia"
"2013","1990-1991","Western Carolina"
"2014","1990-1991","Western Illinois"
"2015","1990-1991","Western Kentucky"
"2016","1990-1991","Western Michigan"
"2017","1990-1991","Wichita State"
"2018","1990-1991","William & Mary"
"2019","1990-1991","Winthrop"
"2020","1990-1991","Wisconsin"
"2021","1990-1991","Wright State"
"2022","1990-1991","Wyoming"
"2023","1990-1991","Xavier"
"2024","1990-1991","Yale"
"2025","1990-1991","Youngstown State"
"2026","1991-1992","Air Force"
"2027","1991-1992","Akron"
"2028","1991-1992","Alabama"
"2029","1991-1992","Alabama-Birmingham"
"2030","1991-1992","Alabama State"
"2031","1991-1992","Alcorn State"
"2032","1991-1992","American"
"2033","1991-1992","Appalachian State"
"2034","1991-1992","Arizona"
"2035","1991-1992","Arizona State"
"2036","1991-1992","Arkansas"
"2037","1991-1992","Arkansas State"
"2038","1991-1992","Army"
"2039","1991-1992","Auburn"
"2040","1991-1992","Austin Peay"
"2041","1991-1992","Ball State"
"2042","1991-1992","Baylor"
"2043","1991-1992","Bethune-Cookman"
"2044","1991-1992","Boise State"
"2045","1991-1992","Boston College"
"2046","1991-1992","Boston University"
"2047","1991-1992","Bowling Green State"
"2048","1991-1992","Bradley"
"2049","1991-1992","Brigham Young"
"2050","1991-1992","Brooklyn"
"2051","1991-1992","Brown"
"2052","1991-1992","Bucknell"
"2053","1991-1992","Buffalo"
"2054","1991-1992","Butler"
"2055","1991-1992","Cal State Fullerton"
"2056","1991-1992","Cal State Northridge"
"2057","1991-1992","Campbell"
"2058","1991-1992","Canisius"
"2059","1991-1992","Centenary (LA)"
"2060","1991-1992","Central Connecticut State"
"2061","1991-1992","Central Florida"
"2062","1991-1992","Central Michigan"
"2063","1991-1992","Charleston Southern"
"2064","1991-1992","Charlotte"
"2065","1991-1992","Chattanooga"
"2066","1991-1992","Chicago State"
"2067","1991-1992","Cincinnati"
"2068","1991-1992","Citadel"
"2069","1991-1992","Clemson"
"2070","1991-1992","Cleveland State"
"2071","1991-1992","Coastal Carolina"
"2072","1991-1992","Colgate"
"2073","1991-1992","College of Charleston"
"2074","1991-1992","Colorado"
"2075","1991-1992","Colorado State"
"2076","1991-1992","Columbia"
"2077","1991-1992","Connecticut"
"2078","1991-1992","Coppin State"
"2079","1991-1992","Cornell"
"2080","1991-1992","Creighton"
"2081","1991-1992","Dartmouth"
"2082","1991-1992","Davidson"
"2083","1991-1992","Dayton"
"2084","1991-1992","Delaware"
"2085","1991-1992","Delaware State"
"2086","1991-1992","DePaul"
"2087","1991-1992","Detroit Mercy"
"2088","1991-1992","Drake"
"2089","1991-1992","Drexel"
"2090","1991-1992","Duke"
"2091","1991-1992","Duquesne"
"2092","1991-1992","East Carolina"
"2093","1991-1992","East Tennessee State"
"2094","1991-1992","Eastern Illinois"
"2095","1991-1992","Eastern Kentucky"
"2096","1991-1992","Eastern Michigan"
"2097","1991-1992","Eastern Washington"
"2098","1991-1992","Evansville"
"2099","1991-1992","Fairfield"
"2100","1991-1992","Fairleigh Dickinson"
"2101","1991-1992","Florida"
"2102","1991-1992","Florida A&M"
"2103","1991-1992","Florida International"
"2104","1991-1992","Florida State"
"2105","1991-1992","Fordham"
"2106","1991-1992","Fresno State"
"2107","1991-1992","Furman"
"2108","1991-1992","George Mason"
"2109","1991-1992","George Washington"
"2110","1991-1992","Georgetown"
"2111","1991-1992","Georgia"
"2112","1991-1992","Georgia Southern"
"2113","1991-1992","Georgia State"
"2114","1991-1992","Georgia Tech"
"2115","1991-1992","Gonzaga"
"2116","1991-1992","Grambling"
"2117","1991-1992","Green Bay"
"2118","1991-1992","Hartford"
"2119","1991-1992","Harvard"
"2120","1991-1992","Hawaii"
"2121","1991-1992","Hofstra"
"2122","1991-1992","Holy Cross"
"2123","1991-1992","Houston"
"2124","1991-1992","Howard"
"2125","1991-1992","Idaho"
"2126","1991-1992","Idaho State"
"2127","1991-1992","Illinois"
"2128","1991-1992","Illinois-Chicago"
"2129","1991-1992","Illinois State"
"2130","1991-1992","Indiana"
"2131","1991-1992","Indiana State"
"2132","1991-1992","Iona"
"2133","1991-1992","Iowa"
"2134","1991-1992","Iowa State"
"2135","1991-1992","Jackson State"
"2136","1991-1992","Jacksonville"
"2137","1991-1992","James Madison"
"2138","1991-1992","Kansas"
"2139","1991-1992","Kansas State"
"2140","1991-1992","Kent State"
"2141","1991-1992","Kentucky"
"2142","1991-1992","La Salle"
"2143","1991-1992","Lafayette"
"2144","1991-1992","Lamar"
"2145","1991-1992","Lehigh"
"2146","1991-1992","Liberty"
"2147","1991-1992","Little Rock"
"2148","1991-1992","Long Beach State"
"2149","1991-1992","Long Island University"
"2150","1991-1992","Louisiana"
"2151","1991-1992","Louisiana-Monroe"
"2152","1991-1992","Louisiana State"
"2153","1991-1992","Louisiana Tech"
"2154","1991-1992","Louisville"
"2155","1991-1992","Loyola (IL)"
"2156","1991-1992","Loyola (MD)"
"2157","1991-1992","Loyola Marymount"
"2158","1991-1992","Maine"
"2159","1991-1992","Manhattan"
"2160","1991-1992","Marist"
"2161","1991-1992","Marquette"
"2162","1991-1992","Marshall"
"2163","1991-1992","Maryland"
"2164","1991-1992","Maryland-Baltimore County"
"2165","1991-1992","Maryland-Eastern Shore"
"2166","1991-1992","Massachusetts"
"2167","1991-1992","McNeese State"
"2168","1991-1992","Memphis"
"2169","1991-1992","Mercer"
"2170","1991-1992","Miami (FL)"
"2171","1991-1992","Miami (OH)"
"2172","1991-1992","Michigan"
"2173","1991-1992","Michigan State"
"2174","1991-1992","Middle Tennessee"
"2175","1991-1992","Milwaukee"
"2176","1991-1992","Minnesota"
"2177","1991-1992","Mississippi"
"2178","1991-1992","Mississippi State"
"2179","1991-1992","Mississippi Valley State"
"2180","1991-1992","Missouri"
"2181","1991-1992","Missouri-Kansas City"
"2182","1991-1992","Missouri State"
"2183","1991-1992","Monmouth"
"2184","1991-1992","Montana"
"2185","1991-1992","Montana State"
"2186","1991-1992","Morehead State"
"2187","1991-1992","Morgan State"
"2188","1991-1992","Mount St. Mary's"
"2189","1991-1992","Murray State"
"2190","1991-1992","Navy"
"2191","1991-1992","Nebraska"
"2192","1991-1992","Nevada"
"2193","1991-1992","Nevada-Las Vegas"
"2194","1991-1992","New Hampshire"
"2195","1991-1992","New Mexico"
"2196","1991-1992","New Mexico State"
"2197","1991-1992","New Orleans"
"2198","1991-1992","Niagara"
"2199","1991-1992","Nicholls State"
"2200","1991-1992","North Carolina"
"2201","1991-1992","North Carolina-Asheville"
"2202","1991-1992","North Carolina-Greensboro"
"2203","1991-1992","North Carolina-Wilmington"
"2204","1991-1992","North Carolina A&T"
"2205","1991-1992","North Carolina State"
"2206","1991-1992","North Texas"
"2207","1991-1992","Northeastern"
"2208","1991-1992","Northeastern Illinois"
"2209","1991-1992","Northern Arizona"
"2210","1991-1992","Northern Illinois"
"2211","1991-1992","Northern Iowa"
"2212","1991-1992","Northwestern"
"2213","1991-1992","Northwestern State"
"2214","1991-1992","Notre Dame"
"2215","1991-1992","Ohio"
"2216","1991-1992","Ohio State"
"2217","1991-1992","Oklahoma"
"2218","1991-1992","Oklahoma State"
"2219","1991-1992","Old Dominion"
"2220","1991-1992","Oregon"
"2221","1991-1992","Oregon State"
"2222","1991-1992","Pacific"
"2223","1991-1992","Penn State"
"2224","1991-1992","Pennsylvania"
"2225","1991-1992","Pepperdine"
"2226","1991-1992","Pittsburgh"
"2227","1991-1992","Portland"
"2228","1991-1992","Prairie View"
"2229","1991-1992","Princeton"
"2230","1991-1992","Providence"
"2231","1991-1992","Purdue"
"2232","1991-1992","Radford"
"2233","1991-1992","Rhode Island"
"2234","1991-1992","Rice"
"2235","1991-1992","Richmond"
"2236","1991-1992","Rider"
"2237","1991-1992","Robert Morris"
"2238","1991-1992","Rutgers"
"2239","1991-1992","Sacramento State"
"2240","1991-1992","Saint Francis (PA)"
"2241","1991-1992","Saint Joseph's"
"2242","1991-1992","Saint Louis"
"2243","1991-1992","Saint Mary's (CA)"
"2244","1991-1992","Saint Peter's"
"2245","1991-1992","Sam Houston State"
"2246","1991-1992","Samford"
"2247","1991-1992","San Diego"
"2248","1991-1992","San Diego State"
"2249","1991-1992","San Francisco"
"2250","1991-1992","San Jose State"
"2251","1991-1992","Santa Clara"
"2252","1991-1992","Seton Hall"
"2253","1991-1992","Siena"
"2254","1991-1992","South Alabama"
"2255","1991-1992","South Carolina"
"2256","1991-1992","South Carolina State"
"2257","1991-1992","South Florida"
"2258","1991-1992","Southeast Missouri State"
"2259","1991-1992","Southeastern Louisiana"
"2260","1991-1992","Southern"
"2261","1991-1992","Southern California"
"2262","1991-1992","Southern Illinois"
"2263","1991-1992","Southern Methodist"
"2264","1991-1992","Southern Mississippi"
"2265","1991-1992","Southern Utah"
"2266","1991-1992","St. Bonaventure"
"2267","1991-1992","St. Francis (NY)"
"2268","1991-1992","St. John's (NY)"
"2269","1991-1992","Stanford"
"2270","1991-1992","Stephen F. Austin"
"2271","1991-1992","Stetson"
"2272","1991-1992","Syracuse"
"2273","1991-1992","Temple"
"2274","1991-1992","Tennessee"
"2275","1991-1992","Tennessee State"
"2276","1991-1992","Tennessee Tech"
"2277","1991-1992","Texas"
"2278","1991-1992","Texas-Arlington"
"2279","1991-1992","Texas-El Paso"
"2280","1991-1992","Texas-Rio Grande Valley"
"2281","1991-1992","Texas-San Antonio"
"2282","1991-1992","Texas A&M"
"2283","1991-1992","Texas Christian"
"2284","1991-1992","Texas Southern"
"2285","1991-1992","Texas State"
"2286","1991-1992","Texas Tech"
"2287","1991-1992","Toledo"
"2288","1991-1992","Towson"
"2289","1991-1992","Tulane"
"2290","1991-1992","Tulsa"
"2291","1991-1992","UC-Irvine"
"2292","1991-1992","UC-Santa Barbara"
"2293","1991-1992","UCLA"
"2294","1991-1992","University of California"
"2295","1991-1992","Utah"
"2296","1991-1992","Utah State"
"2297","1991-1992","Valparaiso"
"2298","1991-1992","Vanderbilt"
"2299","1991-1992","Vermont"
"2300","1991-1992","Villanova"
"2301","1991-1992","Virginia"
"2302","1991-1992","Virginia Commonwealth"
"2303","1991-1992","Virginia Tech"
"2304","1991-1992","VMI"
"2305","1991-1992","Wagner"
"2306","1991-1992","Wake Forest"
"2307","1991-1992","Washington"
"2308","1991-1992","Washington State"
"2309","1991-1992","Weber State"
"2310","1991-1992","West Virginia"
"2311","1991-1992","Western Carolina"
"2312","1991-1992","Western Illinois"
"2313","1991-1992","Western Kentucky"
"2314","1991-1992","Western Michigan"
"2315","1991-1992","Wichita State"
"2316","1991-1992","William & Mary"
"2317","1991-1992","Winthrop"
"2318","1991-1992","Wisconsin"
"2319","1991-1992","Wright State"
"2320","1991-1992","Wyoming"
"2321","1991-1992","Xavier"
"2322","1991-1992","Yale"
"2323","1991-1992","Youngstown State"
"2324","1992-1993","Air Force"
"2325","1992-1993","Akron"
"2326","1992-1993","Alabama"
"2327","1992-1993","Alabama-Birmingham"
"2328","1992-1993","Alabama State"
"2329","1992-1993","Alcorn State"
"2330","1992-1993","American"
"2331","1992-1993","Appalachian State"
"2332","1992-1993","Arizona"
"2333","1992-1993","Arizona State"
"2334","1992-1993","Arkansas"
"2335","1992-1993","Arkansas State"
"2336","1992-1993","Army"
"2337","1992-1993","Auburn"
"2338","1992-1993","Austin Peay"
"2339","1992-1993","Ball State"
"2340","1992-1993","Baylor"
"2341","1992-1993","Bethune-Cookman"
"2342","1992-1993","Boise State"
"2343","1992-1993","Boston College"
"2344","1992-1993","Boston University"
"2345","1992-1993","Bowling Green State"
"2346","1992-1993","Bradley"
"2347","1992-1993","Brigham Young"
"2348","1992-1993","Brown"
"2349","1992-1993","Bucknell"
"2350","1992-1993","Buffalo"
"2351","1992-1993","Butler"
"2352","1992-1993","Cal State Fullerton"
"2353","1992-1993","Cal State Northridge"
"2354","1992-1993","Campbell"
"2355","1992-1993","Canisius"
"2356","1992-1993","Centenary (LA)"
"2357","1992-1993","Central Connecticut State"
"2358","1992-1993","Central Florida"
"2359","1992-1993","Central Michigan"
"2360","1992-1993","Charleston Southern"
"2361","1992-1993","Charlotte"
"2362","1992-1993","Chattanooga"
"2363","1992-1993","Chicago State"
"2364","1992-1993","Cincinnati"
"2365","1992-1993","Citadel"
"2366","1992-1993","Clemson"
"2367","1992-1993","Cleveland State"
"2368","1992-1993","Coastal Carolina"
"2369","1992-1993","Colgate"
"2370","1992-1993","College of Charleston"
"2371","1992-1993","Colorado"
"2372","1992-1993","Colorado State"
"2373","1992-1993","Columbia"
"2374","1992-1993","Connecticut"
"2375","1992-1993","Coppin State"
"2376","1992-1993","Cornell"
"2377","1992-1993","Creighton"
"2378","1992-1993","Dartmouth"
"2379","1992-1993","Davidson"
"2380","1992-1993","Dayton"
"2381","1992-1993","Delaware"
"2382","1992-1993","Delaware State"
"2383","1992-1993","DePaul"
"2384","1992-1993","Detroit Mercy"
"2385","1992-1993","Drake"
"2386","1992-1993","Drexel"
"2387","1992-1993","Duke"
"2388","1992-1993","Duquesne"
"2389","1992-1993","East Carolina"
"2390","1992-1993","East Tennessee State"
"2391","1992-1993","Eastern Illinois"
"2392","1992-1993","Eastern Kentucky"
"2393","1992-1993","Eastern Michigan"
"2394","1992-1993","Eastern Washington"
"2395","1992-1993","Evansville"
"2396","1992-1993","Fairfield"
"2397","1992-1993","Fairleigh Dickinson"
"2398","1992-1993","Florida"
"2399","1992-1993","Florida A&M"
"2400","1992-1993","Florida International"
"2401","1992-1993","Florida State"
"2402","1992-1993","Fordham"
"2403","1992-1993","Fresno State"
"2404","1992-1993","Furman"
"2405","1992-1993","George Mason"
"2406","1992-1993","George Washington"
"2407","1992-1993","Georgetown"
"2408","1992-1993","Georgia"
"2409","1992-1993","Georgia Southern"
"2410","1992-1993","Georgia State"
"2411","1992-1993","Georgia Tech"
"2412","1992-1993","Gonzaga"
"2413","1992-1993","Grambling"
"2414","1992-1993","Green Bay"
"2415","1992-1993","Hartford"
"2416","1992-1993","Harvard"
"2417","1992-1993","Hawaii"
"2418","1992-1993","Hofstra"
"2419","1992-1993","Holy Cross"
"2420","1992-1993","Houston"
"2421","1992-1993","Howard"
"2422","1992-1993","Idaho"
"2423","1992-1993","Idaho State"
"2424","1992-1993","Illinois"
"2425","1992-1993","Illinois-Chicago"
"2426","1992-1993","Illinois State"
"2427","1992-1993","Indiana"
"2428","1992-1993","Indiana State"
"2429","1992-1993","Iona"
"2430","1992-1993","Iowa"
"2431","1992-1993","Iowa State"
"2432","1992-1993","Jackson State"
"2433","1992-1993","Jacksonville"
"2434","1992-1993","James Madison"
"2435","1992-1993","Kansas"
"2436","1992-1993","Kansas State"
"2437","1992-1993","Kent State"
"2438","1992-1993","Kentucky"
"2439","1992-1993","La Salle"
"2440","1992-1993","Lafayette"
"2441","1992-1993","Lamar"
"2442","1992-1993","Lehigh"
"2443","1992-1993","Liberty"
"2444","1992-1993","Little Rock"
"2445","1992-1993","Long Beach State"
"2446","1992-1993","Long Island University"
"2447","1992-1993","Louisiana"
"2448","1992-1993","Louisiana-Monroe"
"2449","1992-1993","Louisiana State"
"2450","1992-1993","Louisiana Tech"
"2451","1992-1993","Louisville"
"2452","1992-1993","Loyola (IL)"
"2453","1992-1993","Loyola (MD)"
"2454","1992-1993","Loyola Marymount"
"2455","1992-1993","Maine"
"2456","1992-1993","Manhattan"
"2457","1992-1993","Marist"
"2458","1992-1993","Marquette"
"2459","1992-1993","Marshall"
"2460","1992-1993","Maryland"
"2461","1992-1993","Maryland-Baltimore County"
"2462","1992-1993","Maryland-Eastern Shore"
"2463","1992-1993","Massachusetts"
"2464","1992-1993","McNeese State"
"2465","1992-1993","Memphis"
"2466","1992-1993","Mercer"
"2467","1992-1993","Miami (FL)"
"2468","1992-1993","Miami (OH)"
"2469","1992-1993","Michigan"
"2470","1992-1993","Michigan State"
"2471","1992-1993","Middle Tennessee"
"2472","1992-1993","Milwaukee"
"2473","1992-1993","Minnesota"
"2474","1992-1993","Mississippi"
"2475","1992-1993","Mississippi State"
"2476","1992-1993","Mississippi Valley State"
"2477","1992-1993","Missouri"
"2478","1992-1993","Missouri-Kansas City"
"2479","1992-1993","Missouri State"
"2480","1992-1993","Monmouth"
"2481","1992-1993","Montana"
"2482","1992-1993","Montana State"
"2483","1992-1993","Morehead State"
"2484","1992-1993","Morgan State"
"2485","1992-1993","Mount St. Mary's"
"2486","1992-1993","Murray State"
"2487","1992-1993","Navy"
"2488","1992-1993","Nebraska"
"2489","1992-1993","Nevada"
"2490","1992-1993","Nevada-Las Vegas"
"2491","1992-1993","New Hampshire"
"2492","1992-1993","New Mexico"
"2493","1992-1993","New Mexico State"
"2494","1992-1993","New Orleans"
"2495","1992-1993","Niagara"
"2496","1992-1993","Nicholls State"
"2497","1992-1993","North Carolina"
"2498","1992-1993","North Carolina-Asheville"
"2499","1992-1993","North Carolina-Greensboro"
"2500","1992-1993","North Carolina-Wilmington"
"2501","1992-1993","North Carolina A&T"
"2502","1992-1993","North Carolina State"
"2503","1992-1993","North Texas"
"2504","1992-1993","Northeastern"
"2505","1992-1993","Northeastern Illinois"
"2506","1992-1993","Northern Arizona"
"2507","1992-1993","Northern Illinois"
"2508","1992-1993","Northern Iowa"
"2509","1992-1993","Northwestern"
"2510","1992-1993","Northwestern State"
"2511","1992-1993","Notre Dame"
"2512","1992-1993","Ohio"
"2513","1992-1993","Ohio State"
"2514","1992-1993","Oklahoma"
"2515","1992-1993","Oklahoma State"
"2516","1992-1993","Old Dominion"
"2517","1992-1993","Oregon"
"2518","1992-1993","Oregon State"
"2519","1992-1993","Pacific"
"2520","1992-1993","Penn State"
"2521","1992-1993","Pennsylvania"
"2522","1992-1993","Pepperdine"
"2523","1992-1993","Pittsburgh"
"2524","1992-1993","Portland"
"2525","1992-1993","Prairie View"
"2526","1992-1993","Princeton"
"2527","1992-1993","Providence"
"2528","1992-1993","Purdue"
"2529","1992-1993","Radford"
"2530","1992-1993","Rhode Island"
"2531","1992-1993","Rice"
"2532","1992-1993","Richmond"
"2533","1992-1993","Rider"
"2534","1992-1993","Robert Morris"
"2535","1992-1993","Rutgers"
"2536","1992-1993","Sacramento State"
"2537","1992-1993","Saint Francis (PA)"
"2538","1992-1993","Saint Joseph's"
"2539","1992-1993","Saint Louis"
"2540","1992-1993","Saint Mary's (CA)"
"2541","1992-1993","Saint Peter's"
"2542","1992-1993","Sam Houston State"
"2543","1992-1993","Samford"
"2544","1992-1993","San Diego"
"2545","1992-1993","San Diego State"
"2546","1992-1993","San Francisco"
"2547","1992-1993","San Jose State"
"2548","1992-1993","Santa Clara"
"2549","1992-1993","Seton Hall"
"2550","1992-1993","Siena"
"2551","1992-1993","South Alabama"
"2552","1992-1993","South Carolina"
"2553","1992-1993","South Carolina State"
"2554","1992-1993","South Florida"
"2555","1992-1993","Southeast Missouri State"
"2556","1992-1993","Southeastern Louisiana"
"2557","1992-1993","Southern"
"2558","1992-1993","Southern California"
"2559","1992-1993","Southern Illinois"
"2560","1992-1993","Southern Methodist"
"2561","1992-1993","Southern Mississippi"
"2562","1992-1993","Southern Utah"
"2563","1992-1993","St. Bonaventure"
"2564","1992-1993","St. Francis (NY)"
"2565","1992-1993","St. John's (NY)"
"2566","1992-1993","Stanford"
"2567","1992-1993","Stephen F. Austin"
"2568","1992-1993","Stetson"
"2569","1992-1993","Syracuse"
"2570","1992-1993","Temple"
"2571","1992-1993","Tennessee"
"2572","1992-1993","Tennessee-Martin"
"2573","1992-1993","Tennessee State"
"2574","1992-1993","Tennessee Tech"
"2575","1992-1993","Texas"
"2576","1992-1993","Texas-Arlington"
"2577","1992-1993","Texas-El Paso"
"2578","1992-1993","Texas-Rio Grande Valley"
"2579","1992-1993","Texas-San Antonio"
"2580","1992-1993","Texas A&M"
"2581","1992-1993","Texas Christian"
"2582","1992-1993","Texas Southern"
"2583","1992-1993","Texas State"
"2584","1992-1993","Texas Tech"
"2585","1992-1993","Toledo"
"2586","1992-1993","Towson"
"2587","1992-1993","Tulane"
"2588","1992-1993","Tulsa"
"2589","1992-1993","UC-Irvine"
"2590","1992-1993","UC-Santa Barbara"
"2591","1992-1993","UCLA"
"2592","1992-1993","University of California"
"2593","1992-1993","Utah"
"2594","1992-1993","Utah State"
"2595","1992-1993","Valparaiso"
"2596","1992-1993","Vanderbilt"
"2597","1992-1993","Vermont"
"2598","1992-1993","Villanova"
"2599","1992-1993","Virginia"
"2600","1992-1993","Virginia Commonwealth"
"2601","1992-1993","Virginia Tech"
"2602","1992-1993","VMI"
"2603","1992-1993","Wagner"
"2604","1992-1993","Wake Forest"
"2605","1992-1993","Washington"
"2606","1992-1993","Washington State"
"2607","1992-1993","Weber State"
"2608","1992-1993","West Virginia"
"2609","1992-1993","Western Carolina"
"2610","1992-1993","Western Illinois"
"2611","1992-1993","Western Kentucky"
"2612","1992-1993","Western Michigan"
"2613","1992-1993","Wichita State"
"2614","1992-1993","William & Mary"
"2615","1992-1993","Winthrop"
"2616","1992-1993","Wisconsin"
"2617","1992-1993","Wright State"
"2618","1992-1993","Wyoming"
"2619","1992-1993","Xavier"
"2620","1992-1993","Yale"
"2621","1992-1993","Youngstown State"
"2622","1993-1994","Air Force"
"2623","1993-1994","Akron"
"2624","1993-1994","Alabama"
"2625","1993-1994","Alabama-Birmingham"
"2626","1993-1994","Alabama State"
"2627","1993-1994","Alcorn State"
"2628","1993-1994","American"
"2629","1993-1994","Appalachian State"
"2630","1993-1994","Arizona"
"2631","1993-1994","Arizona State"
"2632","1993-1994","Arkansas"
"2633","1993-1994","Arkansas State"
"2634","1993-1994","Army"
"2635","1993-1994","Auburn"
"2636","1993-1994","Austin Peay"
"2637","1993-1994","Ball State"
"2638","1993-1994","Baylor"
"2639","1993-1994","Bethune-Cookman"
"2640","1993-1994","Boise State"
"2641","1993-1994","Boston College"
"2642","1993-1994","Boston University"
"2643","1993-1994","Bowling Green State"
"2644","1993-1994","Bradley"
"2645","1993-1994","Brigham Young"
"2646","1993-1994","Brown"
"2647","1993-1994","Bucknell"
"2648","1993-1994","Buffalo"
"2649","1993-1994","Butler"
"2650","1993-1994","Cal State Fullerton"
"2651","1993-1994","Cal State Northridge"
"2652","1993-1994","Campbell"
"2653","1993-1994","Canisius"
"2654","1993-1994","Centenary (LA)"
"2655","1993-1994","Central Connecticut State"
"2656","1993-1994","Central Florida"
"2657","1993-1994","Central Michigan"
"2658","1993-1994","Charleston Southern"
"2659","1993-1994","Charlotte"
"2660","1993-1994","Chattanooga"
"2661","1993-1994","Chicago State"
"2662","1993-1994","Cincinnati"
"2663","1993-1994","Citadel"
"2664","1993-1994","Clemson"
"2665","1993-1994","Cleveland State"
"2666","1993-1994","Coastal Carolina"
"2667","1993-1994","Colgate"
"2668","1993-1994","College of Charleston"
"2669","1993-1994","Colorado"
"2670","1993-1994","Colorado State"
"2671","1993-1994","Columbia"
"2672","1993-1994","Connecticut"
"2673","1993-1994","Coppin State"
"2674","1993-1994","Cornell"
"2675","1993-1994","Creighton"
"2676","1993-1994","Dartmouth"
"2677","1993-1994","Davidson"
"2678","1993-1994","Dayton"
"2679","1993-1994","Delaware"
"2680","1993-1994","Delaware State"
"2681","1993-1994","DePaul"
"2682","1993-1994","Detroit Mercy"
"2683","1993-1994","Drake"
"2684","1993-1994","Drexel"
"2685","1993-1994","Duke"
"2686","1993-1994","Duquesne"
"2687","1993-1994","East Carolina"
"2688","1993-1994","East Tennessee State"
"2689","1993-1994","Eastern Illinois"
"2690","1993-1994","Eastern Kentucky"
"2691","1993-1994","Eastern Michigan"
"2692","1993-1994","Eastern Washington"
"2693","1993-1994","Evansville"
"2694","1993-1994","Fairfield"
"2695","1993-1994","Fairleigh Dickinson"
"2696","1993-1994","Florida"
"2697","1993-1994","Florida A&M"
"2698","1993-1994","Florida Atlantic"
"2699","1993-1994","Florida International"
"2700","1993-1994","Florida State"
"2701","1993-1994","Fordham"
"2702","1993-1994","Fresno State"
"2703","1993-1994","Furman"
"2704","1993-1994","George Mason"
"2705","1993-1994","George Washington"
"2706","1993-1994","Georgetown"
"2707","1993-1994","Georgia"
"2708","1993-1994","Georgia Southern"
"2709","1993-1994","Georgia State"
"2710","1993-1994","Georgia Tech"
"2711","1993-1994","Gonzaga"
"2712","1993-1994","Grambling"
"2713","1993-1994","Green Bay"
"2714","1993-1994","Hartford"
"2715","1993-1994","Harvard"
"2716","1993-1994","Hawaii"
"2717","1993-1994","Hofstra"
"2718","1993-1994","Holy Cross"
"2719","1993-1994","Houston"
"2720","1993-1994","Howard"
"2721","1993-1994","Idaho"
"2722","1993-1994","Idaho State"
"2723","1993-1994","Illinois"
"2724","1993-1994","Illinois-Chicago"
"2725","1993-1994","Illinois State"
"2726","1993-1994","Indiana"
"2727","1993-1994","Indiana State"
"2728","1993-1994","Iona"
"2729","1993-1994","Iowa"
"2730","1993-1994","Iowa State"
"2731","1993-1994","Jackson State"
"2732","1993-1994","Jacksonville"
"2733","1993-1994","James Madison"
"2734","1993-1994","Kansas"
"2735","1993-1994","Kansas State"
"2736","1993-1994","Kent State"
"2737","1993-1994","Kentucky"
"2738","1993-1994","La Salle"
"2739","1993-1994","Lafayette"
"2740","1993-1994","Lamar"
"2741","1993-1994","Lehigh"
"2742","1993-1994","Liberty"
"2743","1993-1994","Little Rock"
"2744","1993-1994","Long Beach State"
"2745","1993-1994","Long Island University"
"2746","1993-1994","Louisiana"
"2747","1993-1994","Louisiana-Monroe"
"2748","1993-1994","Louisiana State"
"2749","1993-1994","Louisiana Tech"
"2750","1993-1994","Louisville"
"2751","1993-1994","Loyola (IL)"
"2752","1993-1994","Loyola (MD)"
"2753","1993-1994","Loyola Marymount"
"2754","1993-1994","Maine"
"2755","1993-1994","Manhattan"
"2756","1993-1994","Marist"
"2757","1993-1994","Marquette"
"2758","1993-1994","Marshall"
"2759","1993-1994","Maryland"
"2760","1993-1994","Maryland-Baltimore County"
"2761","1993-1994","Maryland-Eastern Shore"
"2762","1993-1994","Massachusetts"
"2763","1993-1994","McNeese State"
"2764","1993-1994","Memphis"
"2765","1993-1994","Mercer"
"2766","1993-1994","Miami (FL)"
"2767","1993-1994","Miami (OH)"
"2768","1993-1994","Michigan"
"2769","1993-1994","Michigan State"
"2770","1993-1994","Middle Tennessee"
"2771","1993-1994","Milwaukee"
"2772","1993-1994","Minnesota"
"2773","1993-1994","Mississippi"
"2774","1993-1994","Mississippi State"
"2775","1993-1994","Mississippi Valley State"
"2776","1993-1994","Missouri"
"2777","1993-1994","Missouri-Kansas City"
"2778","1993-1994","Missouri State"
"2779","1993-1994","Monmouth"
"2780","1993-1994","Montana"
"2781","1993-1994","Montana State"
"2782","1993-1994","Morehead State"
"2783","1993-1994","Morgan State"
"2784","1993-1994","Mount St. Mary's"
"2785","1993-1994","Murray State"
"2786","1993-1994","Navy"
"2787","1993-1994","Nebraska"
"2788","1993-1994","Nevada"
"2789","1993-1994","Nevada-Las Vegas"
"2790","1993-1994","New Hampshire"
"2791","1993-1994","New Mexico"
"2792","1993-1994","New Mexico State"
"2793","1993-1994","New Orleans"
"2794","1993-1994","Niagara"
"2795","1993-1994","Nicholls State"
"2796","1993-1994","North Carolina"
"2797","1993-1994","North Carolina-Asheville"
"2798","1993-1994","North Carolina-Greensboro"
"2799","1993-1994","North Carolina-Wilmington"
"2800","1993-1994","North Carolina A&T"
"2801","1993-1994","North Carolina State"
"2802","1993-1994","North Texas"
"2803","1993-1994","Northeastern"
"2804","1993-1994","Northeastern Illinois"
"2805","1993-1994","Northern Arizona"
"2806","1993-1994","Northern Illinois"
"2807","1993-1994","Northern Iowa"
"2808","1993-1994","Northwestern"
"2809","1993-1994","Northwestern State"
"2810","1993-1994","Notre Dame"
"2811","1993-1994","Ohio"
"2812","1993-1994","Ohio State"
"2813","1993-1994","Oklahoma"
"2814","1993-1994","Oklahoma State"
"2815","1993-1994","Old Dominion"
"2816","1993-1994","Oral Roberts"
"2817","1993-1994","Oregon"
"2818","1993-1994","Oregon State"
"2819","1993-1994","Pacific"
"2820","1993-1994","Penn State"
"2821","1993-1994","Pennsylvania"
"2822","1993-1994","Pepperdine"
"2823","1993-1994","Pittsburgh"
"2824","1993-1994","Portland"
"2825","1993-1994","Prairie View"
"2826","1993-1994","Princeton"
"2827","1993-1994","Providence"
"2828","1993-1994","Purdue"
"2829","1993-1994","Radford"
"2830","1993-1994","Rhode Island"
"2831","1993-1994","Rice"
"2832","1993-1994","Richmond"
"2833","1993-1994","Rider"
"2834","1993-1994","Robert Morris"
"2835","1993-1994","Rutgers"
"2836","1993-1994","Sacramento State"
"2837","1993-1994","Saint Francis (PA)"
"2838","1993-1994","Saint Joseph's"
"2839","1993-1994","Saint Louis"
"2840","1993-1994","Saint Mary's (CA)"
"2841","1993-1994","Saint Peter's"
"2842","1993-1994","Sam Houston State"
"2843","1993-1994","Samford"
"2844","1993-1994","San Diego"
"2845","1993-1994","San Diego State"
"2846","1993-1994","San Francisco"
"2847","1993-1994","San Jose State"
"2848","1993-1994","Santa Clara"
"2849","1993-1994","Seton Hall"
"2850","1993-1994","Siena"
"2851","1993-1994","South Alabama"
"2852","1993-1994","South Carolina"
"2853","1993-1994","South Carolina State"
"2854","1993-1994","South Florida"
"2855","1993-1994","Southeast Missouri State"
"2856","1993-1994","Southeastern Louisiana"
"2857","1993-1994","Southern"
"2858","1993-1994","Southern California"
"2859","1993-1994","Southern Illinois"
"2860","1993-1994","Southern Methodist"
"2861","1993-1994","Southern Mississippi"
"2862","1993-1994","Southern Utah"
"2863","1993-1994","St. Bonaventure"
"2864","1993-1994","St. Francis (NY)"
"2865","1993-1994","St. John's (NY)"
"2866","1993-1994","Stanford"
"2867","1993-1994","Stephen F. Austin"
"2868","1993-1994","Stetson"
"2869","1993-1994","Syracuse"
"2870","1993-1994","Temple"
"2871","1993-1994","Tennessee"
"2872","1993-1994","Tennessee-Martin"
"2873","1993-1994","Tennessee State"
"2874","1993-1994","Tennessee Tech"
"2875","1993-1994","Texas"
"2876","1993-1994","Texas-Arlington"
"2877","1993-1994","Texas-El Paso"
"2878","1993-1994","Texas-Rio Grande Valley"
"2879","1993-1994","Texas-San Antonio"
"2880","1993-1994","Texas A&M"
"2881","1993-1994","Texas Christian"
"2882","1993-1994","Texas Southern"
"2883","1993-1994","Texas State"
"2884","1993-1994","Texas Tech"
"2885","1993-1994","Toledo"
"2886","1993-1994","Towson"
"2887","1993-1994","Troy"
"2888","1993-1994","Tulane"
"2889","1993-1994","Tulsa"
"2890","1993-1994","UC-Irvine"
"2891","1993-1994","UC-Santa Barbara"
"2892","1993-1994","UCLA"
"2893","1993-1994","University of California"
"2894","1993-1994","Utah"
"2895","1993-1994","Utah State"
"2896","1993-1994","Valparaiso"
"2897","1993-1994","Vanderbilt"
"2898","1993-1994","Vermont"
"2899","1993-1994","Villanova"
"2900","1993-1994","Virginia"
"2901","1993-1994","Virginia Commonwealth"
"2902","1993-1994","Virginia Tech"
"2903","1993-1994","VMI"
"2904","1993-1994","Wagner"
"2905","1993-1994","Wake Forest"
"2906","1993-1994","Washington"
"2907","1993-1994","Washington State"
"2908","1993-1994","Weber State"
"2909","1993-1994","West Virginia"
"2910","1993-1994","Western Carolina"
"2911","1993-1994","Western Illinois"
"2912","1993-1994","Western Kentucky"
"2913","1993-1994","Western Michigan"
"2914","1993-1994","Wichita State"
"2915","1993-1994","William & Mary"
"2916","1993-1994","Winthrop"
"2917","1993-1994","Wisconsin"
"2918","1993-1994","Wright State"
"2919","1993-1994","Wyoming"
"2920","1993-1994","Xavier"
"2921","1993-1994","Yale"
"2922","1993-1994","Youngstown State"
"2923","1994-1995","Air Force"
"2924","1994-1995","Akron"
"2925","1994-1995","Alabama"
"2926","1994-1995","Alabama-Birmingham"
"2927","1994-1995","Alabama State"
"2928","1994-1995","Alcorn State"
"2929","1994-1995","American"
"2930","1994-1995","Appalachian State"
"2931","1994-1995","Arizona"
"2932","1994-1995","Arizona State"
"2933","1994-1995","Arkansas"
"2934","1994-1995","Arkansas State"
"2935","1994-1995","Army"
"2936","1994-1995","Auburn"
"2937","1994-1995","Austin Peay"
"2938","1994-1995","Ball State"
"2939","1994-1995","Baylor"
"2940","1994-1995","Bethune-Cookman"
"2941","1994-1995","Boise State"
"2942","1994-1995","Boston College"
"2943","1994-1995","Boston University"
"2944","1994-1995","Bowling Green State"
"2945","1994-1995","Bradley"
"2946","1994-1995","Brigham Young"
"2947","1994-1995","Brown"
"2948","1994-1995","Bucknell"
"2949","1994-1995","Buffalo"
"2950","1994-1995","Butler"
"2951","1994-1995","Cal Poly"
"2952","1994-1995","Cal State Fullerton"
"2953","1994-1995","Cal State Northridge"
"2954","1994-1995","Campbell"
"2955","1994-1995","Canisius"
"2956","1994-1995","Centenary (LA)"
"2957","1994-1995","Central Connecticut State"
"2958","1994-1995","Central Florida"
"2959","1994-1995","Central Michigan"
"2960","1994-1995","Charleston Southern"
"2961","1994-1995","Charlotte"
"2962","1994-1995","Chattanooga"
"2963","1994-1995","Chicago State"
"2964","1994-1995","Cincinnati"
"2965","1994-1995","Citadel"
"2966","1994-1995","Clemson"
"2967","1994-1995","Cleveland State"
"2968","1994-1995","Coastal Carolina"
"2969","1994-1995","Colgate"
"2970","1994-1995","College of Charleston"
"2971","1994-1995","Colorado"
"2972","1994-1995","Colorado State"
"2973","1994-1995","Columbia"
"2974","1994-1995","Connecticut"
"2975","1994-1995","Coppin State"
"2976","1994-1995","Cornell"
"2977","1994-1995","Creighton"
"2978","1994-1995","Dartmouth"
"2979","1994-1995","Davidson"
"2980","1994-1995","Dayton"
"2981","1994-1995","Delaware"
"2982","1994-1995","Delaware State"
"2983","1994-1995","DePaul"
"2984","1994-1995","Detroit Mercy"
"2985","1994-1995","Drake"
"2986","1994-1995","Drexel"
"2987","1994-1995","Duke"
"2988","1994-1995","Duquesne"
"2989","1994-1995","East Carolina"
"2990","1994-1995","East Tennessee State"
"2991","1994-1995","Eastern Illinois"
"2992","1994-1995","Eastern Kentucky"
"2993","1994-1995","Eastern Michigan"
"2994","1994-1995","Eastern Washington"
"2995","1994-1995","Evansville"
"2996","1994-1995","Fairfield"
"2997","1994-1995","Fairleigh Dickinson"
"2998","1994-1995","Florida"
"2999","1994-1995","Florida A&M"
"3000","1994-1995","Florida Atlantic"
"3001","1994-1995","Florida International"
"3002","1994-1995","Florida State"
"3003","1994-1995","Fordham"
"3004","1994-1995","Fresno State"
"3005","1994-1995","Furman"
"3006","1994-1995","George Mason"
"3007","1994-1995","George Washington"
"3008","1994-1995","Georgetown"
"3009","1994-1995","Georgia"
"3010","1994-1995","Georgia Southern"
"3011","1994-1995","Georgia State"
"3012","1994-1995","Georgia Tech"
"3013","1994-1995","Gonzaga"
"3014","1994-1995","Grambling"
"3015","1994-1995","Green Bay"
"3016","1994-1995","Hartford"
"3017","1994-1995","Harvard"
"3018","1994-1995","Hawaii"
"3019","1994-1995","Hofstra"
"3020","1994-1995","Holy Cross"
"3021","1994-1995","Houston"
"3022","1994-1995","Howard"
"3023","1994-1995","Idaho"
"3024","1994-1995","Idaho State"
"3025","1994-1995","Illinois"
"3026","1994-1995","Illinois-Chicago"
"3027","1994-1995","Illinois State"
"3028","1994-1995","Indiana"
"3029","1994-1995","Indiana State"
"3030","1994-1995","Iona"
"3031","1994-1995","Iowa"
"3032","1994-1995","Iowa State"
"3033","1994-1995","Jackson State"
"3034","1994-1995","Jacksonville"
"3035","1994-1995","James Madison"
"3036","1994-1995","Kansas"
"3037","1994-1995","Kansas State"
"3038","1994-1995","Kent State"
"3039","1994-1995","Kentucky"
"3040","1994-1995","La Salle"
"3041","1994-1995","Lafayette"
"3042","1994-1995","Lamar"
"3043","1994-1995","Lehigh"
"3044","1994-1995","Liberty"
"3045","1994-1995","Little Rock"
"3046","1994-1995","Long Beach State"
"3047","1994-1995","Long Island University"
"3048","1994-1995","Louisiana"
"3049","1994-1995","Louisiana-Monroe"
"3050","1994-1995","Louisiana State"
"3051","1994-1995","Louisiana Tech"
"3052","1994-1995","Louisville"
"3053","1994-1995","Loyola (IL)"
"3054","1994-1995","Loyola (MD)"
"3055","1994-1995","Loyola Marymount"
"3056","1994-1995","Maine"
"3057","1994-1995","Manhattan"
"3058","1994-1995","Marist"
"3059","1994-1995","Marquette"
"3060","1994-1995","Marshall"
"3061","1994-1995","Maryland"
"3062","1994-1995","Maryland-Baltimore County"
"3063","1994-1995","Maryland-Eastern Shore"
"3064","1994-1995","Massachusetts"
"3065","1994-1995","McNeese State"
"3066","1994-1995","Memphis"
"3067","1994-1995","Mercer"
"3068","1994-1995","Miami (FL)"
"3069","1994-1995","Miami (OH)"
"3070","1994-1995","Michigan"
"3071","1994-1995","Michigan State"
"3072","1994-1995","Middle Tennessee"
"3073","1994-1995","Milwaukee"
"3074","1994-1995","Minnesota"
"3075","1994-1995","Mississippi"
"3076","1994-1995","Mississippi State"
"3077","1994-1995","Mississippi Valley State"
"3078","1994-1995","Missouri"
"3079","1994-1995","Missouri-Kansas City"
"3080","1994-1995","Missouri State"
"3081","1994-1995","Monmouth"
"3082","1994-1995","Montana"
"3083","1994-1995","Montana State"
"3084","1994-1995","Morehead State"
"3085","1994-1995","Morgan State"
"3086","1994-1995","Mount St. Mary's"
"3087","1994-1995","Murray State"
"3088","1994-1995","Navy"
"3089","1994-1995","Nebraska"
"3090","1994-1995","Nevada"
"3091","1994-1995","Nevada-Las Vegas"
"3092","1994-1995","New Hampshire"
"3093","1994-1995","New Mexico"
"3094","1994-1995","New Mexico State"
"3095","1994-1995","New Orleans"
"3096","1994-1995","Niagara"
"3097","1994-1995","Nicholls State"
"3098","1994-1995","North Carolina"
"3099","1994-1995","North Carolina-Asheville"
"3100","1994-1995","North Carolina-Greensboro"
"3101","1994-1995","North Carolina-Wilmington"
"3102","1994-1995","North Carolina A&T"
"3103","1994-1995","North Carolina State"
"3104","1994-1995","North Texas"
"3105","1994-1995","Northeastern"
"3106","1994-1995","Northeastern Illinois"
"3107","1994-1995","Northern Arizona"
"3108","1994-1995","Northern Illinois"
"3109","1994-1995","Northern Iowa"
"3110","1994-1995","Northwestern"
"3111","1994-1995","Northwestern State"
"3112","1994-1995","Notre Dame"
"3113","1994-1995","Ohio"
"3114","1994-1995","Ohio State"
"3115","1994-1995","Oklahoma"
"3116","1994-1995","Oklahoma State"
"3117","1994-1995","Old Dominion"
"3118","1994-1995","Oral Roberts"
"3119","1994-1995","Oregon"
"3120","1994-1995","Oregon State"
"3121","1994-1995","Pacific"
"3122","1994-1995","Penn State"
"3123","1994-1995","Pennsylvania"
"3124","1994-1995","Pepperdine"
"3125","1994-1995","Pittsburgh"
"3126","1994-1995","Portland"
"3127","1994-1995","Prairie View"
"3128","1994-1995","Princeton"
"3129","1994-1995","Providence"
"3130","1994-1995","Purdue"
"3131","1994-1995","Radford"
"3132","1994-1995","Rhode Island"
"3133","1994-1995","Rice"
"3134","1994-1995","Richmond"
"3135","1994-1995","Rider"
"3136","1994-1995","Robert Morris"
"3137","1994-1995","Rutgers"
"3138","1994-1995","Sacramento State"
"3139","1994-1995","Saint Francis (PA)"
"3140","1994-1995","Saint Joseph's"
"3141","1994-1995","Saint Louis"
"3142","1994-1995","Saint Mary's (CA)"
"3143","1994-1995","Saint Peter's"
"3144","1994-1995","Sam Houston State"
"3145","1994-1995","Samford"
"3146","1994-1995","San Diego"
"3147","1994-1995","San Diego State"
"3148","1994-1995","San Francisco"
"3149","1994-1995","San Jose State"
"3150","1994-1995","Santa Clara"
"3151","1994-1995","Seton Hall"
"3152","1994-1995","Siena"
"3153","1994-1995","South Alabama"
"3154","1994-1995","South Carolina"
"3155","1994-1995","South Carolina State"
"3156","1994-1995","South Florida"
"3157","1994-1995","Southeast Missouri State"
"3158","1994-1995","Southeastern Louisiana"
"3159","1994-1995","Southern"
"3160","1994-1995","Southern California"
"3161","1994-1995","Southern Illinois"
"3162","1994-1995","Southern Methodist"
"3163","1994-1995","Southern Mississippi"
"3164","1994-1995","Southern Utah"
"3165","1994-1995","St. Bonaventure"
"3166","1994-1995","St. Francis (NY)"
"3167","1994-1995","St. John's (NY)"
"3168","1994-1995","Stanford"
"3169","1994-1995","Stephen F. Austin"
"3170","1994-1995","Stetson"
"3171","1994-1995","Syracuse"
"3172","1994-1995","Temple"
"3173","1994-1995","Tennessee"
"3174","1994-1995","Tennessee-Martin"
"3175","1994-1995","Tennessee State"
"3176","1994-1995","Tennessee Tech"
"3177","1994-1995","Texas"
"3178","1994-1995","Texas-Arlington"
"3179","1994-1995","Texas-El Paso"
"3180","1994-1995","Texas-Rio Grande Valley"
"3181","1994-1995","Texas-San Antonio"
"3182","1994-1995","Texas A&M"
"3183","1994-1995","Texas Christian"
"3184","1994-1995","Texas Southern"
"3185","1994-1995","Texas State"
"3186","1994-1995","Texas Tech"
"3187","1994-1995","Toledo"
"3188","1994-1995","Towson"
"3189","1994-1995","Troy"
"3190","1994-1995","Tulane"
"3191","1994-1995","Tulsa"
"3192","1994-1995","UC-Irvine"
"3193","1994-1995","UC-Santa Barbara"
"3194","1994-1995","UCLA"
"3195","1994-1995","University of California"
"3196","1994-1995","Utah"
"3197","1994-1995","Utah State"
"3198","1994-1995","Valparaiso"
"3199","1994-1995","Vanderbilt"
"3200","1994-1995","Vermont"
"3201","1994-1995","Villanova"
"3202","1994-1995","Virginia"
"3203","1994-1995","Virginia Commonwealth"
"3204","1994-1995","Virginia Tech"
"3205","1994-1995","VMI"
"3206","1994-1995","Wagner"
"3207","1994-1995","Wake Forest"
"3208","1994-1995","Washington"
"3209","1994-1995","Washington State"
"3210","1994-1995","Weber State"
"3211","1994-1995","West Virginia"
"3212","1994-1995","Western Carolina"
"3213","1994-1995","Western Illinois"
"3214","1994-1995","Western Kentucky"
"3215","1994-1995","Western Michigan"
"3216","1994-1995","Wichita State"
"3217","1994-1995","William & Mary"
"3218","1994-1995","Winthrop"
"3219","1994-1995","Wisconsin"
"3220","1994-1995","Wright State"
"3221","1994-1995","Wyoming"
"3222","1994-1995","Xavier"
"3223","1994-1995","Yale"
"3224","1994-1995","Youngstown State"
"3225","1995-1996","Air Force"
"3226","1995-1996","Akron"
"3227","1995-1996","Alabama"
"3228","1995-1996","Alabama-Birmingham"
"3229","1995-1996","Alabama State"
"3230","1995-1996","Alcorn State"
"3231","1995-1996","American"
"3232","1995-1996","Appalachian State"
"3233","1995-1996","Arizona"
"3234","1995-1996","Arizona State"
"3235","1995-1996","Arkansas"
"3236","1995-1996","Arkansas State"
"3237","1995-1996","Army"
"3238","1995-1996","Auburn"
"3239","1995-1996","Austin Peay"
"3240","1995-1996","Ball State"
"3241","1995-1996","Baylor"
"3242","1995-1996","Bethune-Cookman"
"3243","1995-1996","Boise State"
"3244","1995-1996","Boston College"
"3245","1995-1996","Boston University"
"3246","1995-1996","Bowling Green State"
"3247","1995-1996","Bradley"
"3248","1995-1996","Brigham Young"
"3249","1995-1996","Brown"
"3250","1995-1996","Bucknell"
"3251","1995-1996","Buffalo"
"3252","1995-1996","Butler"
"3253","1995-1996","Cal Poly"
"3254","1995-1996","Cal State Fullerton"
"3255","1995-1996","Cal State Northridge"
"3256","1995-1996","Campbell"
"3257","1995-1996","Canisius"
"3258","1995-1996","Centenary (LA)"
"3259","1995-1996","Central Connecticut State"
"3260","1995-1996","Central Florida"
"3261","1995-1996","Central Michigan"
"3262","1995-1996","Charleston Southern"
"3263","1995-1996","Charlotte"
"3264","1995-1996","Chattanooga"
"3265","1995-1996","Chicago State"
"3266","1995-1996","Cincinnati"
"3267","1995-1996","Citadel"
"3268","1995-1996","Clemson"
"3269","1995-1996","Cleveland State"
"3270","1995-1996","Coastal Carolina"
"3271","1995-1996","Colgate"
"3272","1995-1996","College of Charleston"
"3273","1995-1996","Colorado"
"3274","1995-1996","Colorado State"
"3275","1995-1996","Columbia"
"3276","1995-1996","Connecticut"
"3277","1995-1996","Coppin State"
"3278","1995-1996","Cornell"
"3279","1995-1996","Creighton"
"3280","1995-1996","Dartmouth"
"3281","1995-1996","Davidson"
"3282","1995-1996","Dayton"
"3283","1995-1996","Delaware"
"3284","1995-1996","Delaware State"
"3285","1995-1996","DePaul"
"3286","1995-1996","Detroit Mercy"
"3287","1995-1996","Drake"
"3288","1995-1996","Drexel"
"3289","1995-1996","Duke"
"3290","1995-1996","Duquesne"
"3291","1995-1996","East Carolina"
"3292","1995-1996","East Tennessee State"
"3293","1995-1996","Eastern Illinois"
"3294","1995-1996","Eastern Kentucky"
"3295","1995-1996","Eastern Michigan"
"3296","1995-1996","Eastern Washington"
"3297","1995-1996","Evansville"
"3298","1995-1996","Fairfield"
"3299","1995-1996","Fairleigh Dickinson"
"3300","1995-1996","Florida"
"3301","1995-1996","Florida A&M"
"3302","1995-1996","Florida Atlantic"
"3303","1995-1996","Florida International"
"3304","1995-1996","Florida State"
"3305","1995-1996","Fordham"
"3306","1995-1996","Fresno State"
"3307","1995-1996","Furman"
"3308","1995-1996","George Mason"
"3309","1995-1996","George Washington"
"3310","1995-1996","Georgetown"
"3311","1995-1996","Georgia"
"3312","1995-1996","Georgia Southern"
"3313","1995-1996","Georgia State"
"3314","1995-1996","Georgia Tech"
"3315","1995-1996","Gonzaga"
"3316","1995-1996","Grambling"
"3317","1995-1996","Green Bay"
"3318","1995-1996","Hampton"
"3319","1995-1996","Hartford"
"3320","1995-1996","Harvard"
"3321","1995-1996","Hawaii"
"3322","1995-1996","Hofstra"
"3323","1995-1996","Holy Cross"
"3324","1995-1996","Houston"
"3325","1995-1996","Howard"
"3326","1995-1996","Idaho"
"3327","1995-1996","Idaho State"
"3328","1995-1996","Illinois"
"3329","1995-1996","Illinois-Chicago"
"3330","1995-1996","Illinois State"
"3331","1995-1996","Indiana"
"3332","1995-1996","Indiana State"
"3333","1995-1996","Iona"
"3334","1995-1996","Iowa"
"3335","1995-1996","Iowa State"
"3336","1995-1996","Jackson State"
"3337","1995-1996","Jacksonville"
"3338","1995-1996","Jacksonville State"
"3339","1995-1996","James Madison"
"3340","1995-1996","Kansas"
"3341","1995-1996","Kansas State"
"3342","1995-1996","Kent State"
"3343","1995-1996","Kentucky"
"3344","1995-1996","La Salle"
"3345","1995-1996","Lafayette"
"3346","1995-1996","Lamar"
"3347","1995-1996","Lehigh"
"3348","1995-1996","Liberty"
"3349","1995-1996","Little Rock"
"3350","1995-1996","Long Beach State"
"3351","1995-1996","Long Island University"
"3352","1995-1996","Louisiana"
"3353","1995-1996","Louisiana-Monroe"
"3354","1995-1996","Louisiana State"
"3355","1995-1996","Louisiana Tech"
"3356","1995-1996","Louisville"
"3357","1995-1996","Loyola (IL)"
"3358","1995-1996","Loyola (MD)"
"3359","1995-1996","Loyola Marymount"
"3360","1995-1996","Maine"
"3361","1995-1996","Manhattan"
"3362","1995-1996","Marist"
"3363","1995-1996","Marquette"
"3364","1995-1996","Marshall"
"3365","1995-1996","Maryland"
"3366","1995-1996","Maryland-Baltimore County"
"3367","1995-1996","Maryland-Eastern Shore"
"3368","1995-1996","Massachusetts"
"3369","1995-1996","McNeese State"
"3370","1995-1996","Memphis"
"3371","1995-1996","Mercer"
"3372","1995-1996","Miami (FL)"
"3373","1995-1996","Miami (OH)"
"3374","1995-1996","Michigan"
"3375","1995-1996","Michigan State"
"3376","1995-1996","Middle Tennessee"
"3377","1995-1996","Milwaukee"
"3378","1995-1996","Minnesota"
"3379","1995-1996","Mississippi"
"3380","1995-1996","Mississippi State"
"3381","1995-1996","Mississippi Valley State"
"3382","1995-1996","Missouri"
"3383","1995-1996","Missouri-Kansas City"
"3384","1995-1996","Missouri State"
"3385","1995-1996","Monmouth"
"3386","1995-1996","Montana"
"3387","1995-1996","Montana State"
"3388","1995-1996","Morehead State"
"3389","1995-1996","Morgan State"
"3390","1995-1996","Mount St. Mary's"
"3391","1995-1996","Murray State"
"3392","1995-1996","Navy"
"3393","1995-1996","Nebraska"
"3394","1995-1996","Nevada"
"3395","1995-1996","Nevada-Las Vegas"
"3396","1995-1996","New Hampshire"
"3397","1995-1996","New Mexico"
"3398","1995-1996","New Mexico State"
"3399","1995-1996","New Orleans"
"3400","1995-1996","Niagara"
"3401","1995-1996","Nicholls State"
"3402","1995-1996","North Carolina"
"3403","1995-1996","North Carolina-Asheville"
"3404","1995-1996","North Carolina-Greensboro"
"3405","1995-1996","North Carolina-Wilmington"
"3406","1995-1996","North Carolina A&T"
"3407","1995-1996","North Carolina State"
"3408","1995-1996","North Texas"
"3409","1995-1996","Northeastern"
"3410","1995-1996","Northeastern Illinois"
"3411","1995-1996","Northern Arizona"
"3412","1995-1996","Northern Illinois"
"3413","1995-1996","Northern Iowa"
"3414","1995-1996","Northwestern"
"3415","1995-1996","Northwestern State"
"3416","1995-1996","Notre Dame"
"3417","1995-1996","Ohio"
"3418","1995-1996","Ohio State"
"3419","1995-1996","Oklahoma"
"3420","1995-1996","Oklahoma State"
"3421","1995-1996","Old Dominion"
"3422","1995-1996","Oral Roberts"
"3423","1995-1996","Oregon"
"3424","1995-1996","Oregon State"
"3425","1995-1996","Pacific"
"3426","1995-1996","Penn State"
"3427","1995-1996","Pennsylvania"
"3428","1995-1996","Pepperdine"
"3429","1995-1996","Pittsburgh"
"3430","1995-1996","Portland"
"3431","1995-1996","Prairie View"
"3432","1995-1996","Princeton"
"3433","1995-1996","Providence"
"3434","1995-1996","Purdue"
"3435","1995-1996","Radford"
"3436","1995-1996","Rhode Island"
"3437","1995-1996","Rice"
"3438","1995-1996","Richmond"
"3439","1995-1996","Rider"
"3440","1995-1996","Robert Morris"
"3441","1995-1996","Rutgers"
"3442","1995-1996","Sacramento State"
"3443","1995-1996","Saint Francis (PA)"
"3444","1995-1996","Saint Joseph's"
"3445","1995-1996","Saint Louis"
"3446","1995-1996","Saint Mary's (CA)"
"3447","1995-1996","Saint Peter's"
"3448","1995-1996","Sam Houston State"
"3449","1995-1996","Samford"
"3450","1995-1996","San Diego"
"3451","1995-1996","San Diego State"
"3452","1995-1996","San Francisco"
"3453","1995-1996","San Jose State"
"3454","1995-1996","Santa Clara"
"3455","1995-1996","Seton Hall"
"3456","1995-1996","Siena"
"3457","1995-1996","South Alabama"
"3458","1995-1996","South Carolina"
"3459","1995-1996","South Carolina State"
"3460","1995-1996","South Florida"
"3461","1995-1996","Southeast Missouri State"
"3462","1995-1996","Southeastern Louisiana"
"3463","1995-1996","Southern"
"3464","1995-1996","Southern California"
"3465","1995-1996","Southern Illinois"
"3466","1995-1996","Southern Methodist"
"3467","1995-1996","Southern Mississippi"
"3468","1995-1996","Southern Utah"
"3469","1995-1996","St. Bonaventure"
"3470","1995-1996","St. Francis (NY)"
"3471","1995-1996","St. John's (NY)"
"3472","1995-1996","Stanford"
"3473","1995-1996","Stephen F. Austin"
"3474","1995-1996","Stetson"
"3475","1995-1996","Syracuse"
"3476","1995-1996","Temple"
"3477","1995-1996","Tennessee"
"3478","1995-1996","Tennessee-Martin"
"3479","1995-1996","Tennessee State"
"3480","1995-1996","Tennessee Tech"
"3481","1995-1996","Texas"
"3482","1995-1996","Texas-Arlington"
"3483","1995-1996","Texas-El Paso"
"3484","1995-1996","Texas-Rio Grande Valley"
"3485","1995-1996","Texas-San Antonio"
"3486","1995-1996","Texas A&M"
"3487","1995-1996","Texas Christian"
"3488","1995-1996","Texas Southern"
"3489","1995-1996","Texas State"
"3490","1995-1996","Texas Tech"
"3491","1995-1996","Toledo"
"3492","1995-1996","Towson"
"3493","1995-1996","Troy"
"3494","1995-1996","Tulane"
"3495","1995-1996","Tulsa"
"3496","1995-1996","UC-Irvine"
"3497","1995-1996","UC-Santa Barbara"
"3498","1995-1996","UCLA"
"3499","1995-1996","University of California"
"3500","1995-1996","Utah"
"3501","1995-1996","Utah State"
"3502","1995-1996","Valparaiso"
"3503","1995-1996","Vanderbilt"
"3504","1995-1996","Vermont"
"3505","1995-1996","Villanova"
"3506","1995-1996","Virginia"
"3507","1995-1996","Virginia Commonwealth"
"3508","1995-1996","Virginia Tech"
"3509","1995-1996","VMI"
"3510","1995-1996","Wagner"
"3511","1995-1996","Wake Forest"
"3512","1995-1996","Washington"
"3513","1995-1996","Washington State"
"3514","1995-1996","Weber State"
"3515","1995-1996","West Virginia"
"3516","1995-1996","Western Carolina"
"3517","1995-1996","Western Illinois"
"3518","1995-1996","Western Kentucky"
"3519","1995-1996","Western Michigan"
"3520","1995-1996","Wichita State"
"3521","1995-1996","William & Mary"
"3522","1995-1996","Winthrop"
"3523","1995-1996","Wisconsin"
"3524","1995-1996","Wofford"
"3525","1995-1996","Wright State"
"3526","1995-1996","Wyoming"
"3527","1995-1996","Xavier"
"3528","1995-1996","Yale"
"3529","1995-1996","Youngstown State"
"3530","1996-1997","Air Force"
"3531","1996-1997","Akron"
"3532","1996-1997","Alabama"
"3533","1996-1997","Alabama-Birmingham"
"3534","1996-1997","Alabama State"
"3535","1996-1997","Alcorn State"
"3536","1996-1997","American"
"3537","1996-1997","Appalachian State"
"3538","1996-1997","Arizona"
"3539","1996-1997","Arizona State"
"3540","1996-1997","Arkansas"
"3541","1996-1997","Arkansas State"
"3542","1996-1997","Army"
"3543","1996-1997","Auburn"
"3544","1996-1997","Austin Peay"
"3545","1996-1997","Ball State"
"3546","1996-1997","Baylor"
"3547","1996-1997","Bethune-Cookman"
"3548","1996-1997","Boise State"
"3549","1996-1997","Boston College"
"3550","1996-1997","Boston University"
"3551","1996-1997","Bowling Green State"
"3552","1996-1997","Bradley"
"3553","1996-1997","Brigham Young"
"3554","1996-1997","Brown"
"3555","1996-1997","Bucknell"
"3556","1996-1997","Buffalo"
"3557","1996-1997","Butler"
"3558","1996-1997","Cal Poly"
"3559","1996-1997","Cal State Fullerton"
"3560","1996-1997","Cal State Northridge"
"3561","1996-1997","Campbell"
"3562","1996-1997","Canisius"
"3563","1996-1997","Centenary (LA)"
"3564","1996-1997","Central Connecticut State"
"3565","1996-1997","Central Florida"
"3566","1996-1997","Central Michigan"
"3567","1996-1997","Charleston Southern"
"3568","1996-1997","Charlotte"
"3569","1996-1997","Chattanooga"
"3570","1996-1997","Chicago State"
"3571","1996-1997","Cincinnati"
"3572","1996-1997","Citadel"
"3573","1996-1997","Clemson"
"3574","1996-1997","Cleveland State"
"3575","1996-1997","Coastal Carolina"
"3576","1996-1997","Colgate"
"3577","1996-1997","College of Charleston"
"3578","1996-1997","Colorado"
"3579","1996-1997","Colorado State"
"3580","1996-1997","Columbia"
"3581","1996-1997","Connecticut"
"3582","1996-1997","Coppin State"
"3583","1996-1997","Cornell"
"3584","1996-1997","Creighton"
"3585","1996-1997","Dartmouth"
"3586","1996-1997","Davidson"
"3587","1996-1997","Dayton"
"3588","1996-1997","Delaware"
"3589","1996-1997","Delaware State"
"3590","1996-1997","DePaul"
"3591","1996-1997","Detroit Mercy"
"3592","1996-1997","Drake"
"3593","1996-1997","Drexel"
"3594","1996-1997","Duke"
"3595","1996-1997","Duquesne"
"3596","1996-1997","East Carolina"
"3597","1996-1997","East Tennessee State"
"3598","1996-1997","Eastern Illinois"
"3599","1996-1997","Eastern Kentucky"
"3600","1996-1997","Eastern Michigan"
"3601","1996-1997","Eastern Washington"
"3602","1996-1997","Evansville"
"3603","1996-1997","Fairfield"
"3604","1996-1997","Fairleigh Dickinson"
"3605","1996-1997","Florida"
"3606","1996-1997","Florida A&M"
"3607","1996-1997","Florida Atlantic"
"3608","1996-1997","Florida International"
"3609","1996-1997","Florida State"
"3610","1996-1997","Fordham"
"3611","1996-1997","Fresno State"
"3612","1996-1997","Furman"
"3613","1996-1997","George Mason"
"3614","1996-1997","George Washington"
"3615","1996-1997","Georgetown"
"3616","1996-1997","Georgia"
"3617","1996-1997","Georgia Southern"
"3618","1996-1997","Georgia State"
"3619","1996-1997","Georgia Tech"
"3620","1996-1997","Gonzaga"
"3621","1996-1997","Grambling"
"3622","1996-1997","Green Bay"
"3623","1996-1997","Hampton"
"3624","1996-1997","Hartford"
"3625","1996-1997","Harvard"
"3626","1996-1997","Hawaii"
"3627","1996-1997","Hofstra"
"3628","1996-1997","Holy Cross"
"3629","1996-1997","Houston"
"3630","1996-1997","Howard"
"3631","1996-1997","Idaho"
"3632","1996-1997","Idaho State"
"3633","1996-1997","Illinois"
"3634","1996-1997","Illinois-Chicago"
"3635","1996-1997","Illinois State"
"3636","1996-1997","Indiana"
"3637","1996-1997","Indiana State"
"3638","1996-1997","Iona"
"3639","1996-1997","Iowa"
"3640","1996-1997","Iowa State"
"3641","1996-1997","Jackson State"
"3642","1996-1997","Jacksonville"
"3643","1996-1997","Jacksonville State"
"3644","1996-1997","James Madison"
"3645","1996-1997","Kansas"
"3646","1996-1997","Kansas State"
"3647","1996-1997","Kent State"
"3648","1996-1997","Kentucky"
"3649","1996-1997","La Salle"
"3650","1996-1997","Lafayette"
"3651","1996-1997","Lamar"
"3652","1996-1997","Lehigh"
"3653","1996-1997","Liberty"
"3654","1996-1997","Little Rock"
"3655","1996-1997","Long Beach State"
"3656","1996-1997","Long Island University"
"3657","1996-1997","Louisiana"
"3658","1996-1997","Louisiana-Monroe"
"3659","1996-1997","Louisiana State"
"3660","1996-1997","Louisiana Tech"
"3661","1996-1997","Louisville"
"3662","1996-1997","Loyola (IL)"
"3663","1996-1997","Loyola (MD)"
"3664","1996-1997","Loyola Marymount"
"3665","1996-1997","Maine"
"3666","1996-1997","Manhattan"
"3667","1996-1997","Marist"
"3668","1996-1997","Marquette"
"3669","1996-1997","Marshall"
"3670","1996-1997","Maryland"
"3671","1996-1997","Maryland-Baltimore County"
"3672","1996-1997","Maryland-Eastern Shore"
"3673","1996-1997","Massachusetts"
"3674","1996-1997","McNeese State"
"3675","1996-1997","Memphis"
"3676","1996-1997","Mercer"
"3677","1996-1997","Miami (FL)"
"3678","1996-1997","Miami (OH)"
"3679","1996-1997","Michigan"
"3680","1996-1997","Michigan State"
"3681","1996-1997","Middle Tennessee"
"3682","1996-1997","Milwaukee"
"3683","1996-1997","Minnesota"
"3684","1996-1997","Mississippi"
"3685","1996-1997","Mississippi State"
"3686","1996-1997","Mississippi Valley State"
"3687","1996-1997","Missouri"
"3688","1996-1997","Missouri-Kansas City"
"3689","1996-1997","Missouri State"
"3690","1996-1997","Monmouth"
"3691","1996-1997","Montana"
"3692","1996-1997","Montana State"
"3693","1996-1997","Morehead State"
"3694","1996-1997","Morgan State"
"3695","1996-1997","Mount St. Mary's"
"3696","1996-1997","Murray State"
"3697","1996-1997","Navy"
"3698","1996-1997","Nebraska"
"3699","1996-1997","Nevada"
"3700","1996-1997","Nevada-Las Vegas"
"3701","1996-1997","New Hampshire"
"3702","1996-1997","New Mexico"
"3703","1996-1997","New Mexico State"
"3704","1996-1997","New Orleans"
"3705","1996-1997","Niagara"
"3706","1996-1997","Nicholls State"
"3707","1996-1997","North Carolina"
"3708","1996-1997","North Carolina-Asheville"
"3709","1996-1997","North Carolina-Greensboro"
"3710","1996-1997","North Carolina-Wilmington"
"3711","1996-1997","North Carolina A&T"
"3712","1996-1997","North Carolina State"
"3713","1996-1997","North Texas"
"3714","1996-1997","Northeastern"
"3715","1996-1997","Northeastern Illinois"
"3716","1996-1997","Northern Arizona"
"3717","1996-1997","Northern Illinois"
"3718","1996-1997","Northern Iowa"
"3719","1996-1997","Northwestern"
"3720","1996-1997","Northwestern State"
"3721","1996-1997","Notre Dame"
"3722","1996-1997","Ohio"
"3723","1996-1997","Ohio State"
"3724","1996-1997","Oklahoma"
"3725","1996-1997","Oklahoma State"
"3726","1996-1997","Old Dominion"
"3727","1996-1997","Oral Roberts"
"3728","1996-1997","Oregon"
"3729","1996-1997","Oregon State"
"3730","1996-1997","Pacific"
"3731","1996-1997","Penn State"
"3732","1996-1997","Pennsylvania"
"3733","1996-1997","Pepperdine"
"3734","1996-1997","Pittsburgh"
"3735","1996-1997","Portland"
"3736","1996-1997","Prairie View"
"3737","1996-1997","Princeton"
"3738","1996-1997","Providence"
"3739","1996-1997","Purdue"
"3740","1996-1997","Radford"
"3741","1996-1997","Rhode Island"
"3742","1996-1997","Rice"
"3743","1996-1997","Richmond"
"3744","1996-1997","Rider"
"3745","1996-1997","Robert Morris"
"3746","1996-1997","Rutgers"
"3747","1996-1997","Sacramento State"
"3748","1996-1997","Saint Francis (PA)"
"3749","1996-1997","Saint Joseph's"
"3750","1996-1997","Saint Louis"
"3751","1996-1997","Saint Mary's (CA)"
"3752","1996-1997","Saint Peter's"
"3753","1996-1997","Sam Houston State"
"3754","1996-1997","Samford"
"3755","1996-1997","San Diego"
"3756","1996-1997","San Diego State"
"3757","1996-1997","San Francisco"
"3758","1996-1997","San Jose State"
"3759","1996-1997","Santa Clara"
"3760","1996-1997","Seton Hall"
"3761","1996-1997","Siena"
"3762","1996-1997","South Alabama"
"3763","1996-1997","South Carolina"
"3764","1996-1997","South Carolina State"
"3765","1996-1997","South Florida"
"3766","1996-1997","Southeast Missouri State"
"3767","1996-1997","Southeastern Louisiana"
"3768","1996-1997","Southern"
"3769","1996-1997","Southern California"
"3770","1996-1997","Southern Illinois"
"3771","1996-1997","Southern Methodist"
"3772","1996-1997","Southern Mississippi"
"3773","1996-1997","Southern Utah"
"3774","1996-1997","St. Bonaventure"
"3775","1996-1997","St. Francis (NY)"
"3776","1996-1997","St. John's (NY)"
"3777","1996-1997","Stanford"
"3778","1996-1997","Stephen F. Austin"
"3779","1996-1997","Stetson"
"3780","1996-1997","Syracuse"
"3781","1996-1997","Temple"
"3782","1996-1997","Tennessee"
"3783","1996-1997","Tennessee-Martin"
"3784","1996-1997","Tennessee State"
"3785","1996-1997","Tennessee Tech"
"3786","1996-1997","Texas"
"3787","1996-1997","Texas-Arlington"
"3788","1996-1997","Texas-El Paso"
"3789","1996-1997","Texas-Rio Grande Valley"
"3790","1996-1997","Texas-San Antonio"
"3791","1996-1997","Texas A&M"
"3792","1996-1997","Texas Christian"
"3793","1996-1997","Texas Southern"
"3794","1996-1997","Texas State"
"3795","1996-1997","Texas Tech"
"3796","1996-1997","Toledo"
"3797","1996-1997","Towson"
"3798","1996-1997","Troy"
"3799","1996-1997","Tulane"
"3800","1996-1997","Tulsa"
"3801","1996-1997","UC-Irvine"
"3802","1996-1997","UC-Santa Barbara"
"3803","1996-1997","UCLA"
"3804","1996-1997","University of California"
"3805","1996-1997","Utah"
"3806","1996-1997","Utah State"
"3807","1996-1997","Valparaiso"
"3808","1996-1997","Vanderbilt"
"3809","1996-1997","Vermont"
"3810","1996-1997","Villanova"
"3811","1996-1997","Virginia"
"3812","1996-1997","Virginia Commonwealth"
"3813","1996-1997","Virginia Tech"
"3814","1996-1997","VMI"
"3815","1996-1997","Wagner"
"3816","1996-1997","Wake Forest"
"3817","1996-1997","Washington"
"3818","1996-1997","Washington State"
"3819","1996-1997","Weber State"
"3820","1996-1997","West Virginia"
"3821","1996-1997","Western Carolina"
"3822","1996-1997","Western Illinois"
"3823","1996-1997","Western Kentucky"
"3824","1996-1997","Western Michigan"
"3825","1996-1997","Wichita State"
"3826","1996-1997","William & Mary"
"3827","1996-1997","Winthrop"
"3828","1996-1997","Wisconsin"
"3829","1996-1997","Wofford"
"3830","1996-1997","Wright State"
"3831","1996-1997","Wyoming"
"3832","1996-1997","Xavier"
"3833","1996-1997","Yale"
"3834","1996-1997","Youngstown State"
"3835","1997-1998","Air Force"
"3836","1997-1998","Akron"
"3837","1997-1998","Alabama"
"3838","1997-1998","Alabama-Birmingham"
"3839","1997-1998","Alabama State"
"3840","1997-1998","Alcorn State"
"3841","1997-1998","American"
"3842","1997-1998","Appalachian State"
"3843","1997-1998","Arizona"
"3844","1997-1998","Arizona State"
"3845","1997-1998","Arkansas"
"3846","1997-1998","Arkansas State"
"3847","1997-1998","Army"
"3848","1997-1998","Auburn"
"3849","1997-1998","Austin Peay"
"3850","1997-1998","Ball State"
"3851","1997-1998","Baylor"
"3852","1997-1998","Bethune-Cookman"
"3853","1997-1998","Boise State"
"3854","1997-1998","Boston College"
"3855","1997-1998","Boston University"
"3856","1997-1998","Bowling Green State"
"3857","1997-1998","Bradley"
"3858","1997-1998","Brigham Young"
"3859","1997-1998","Brown"
"3860","1997-1998","Bucknell"
"3861","1997-1998","Buffalo"
"3862","1997-1998","Butler"
"3863","1997-1998","Cal Poly"
"3864","1997-1998","Cal State Fullerton"
"3865","1997-1998","Cal State Northridge"
"3866","1997-1998","Campbell"
"3867","1997-1998","Canisius"
"3868","1997-1998","Centenary (LA)"
"3869","1997-1998","Central Connecticut State"
"3870","1997-1998","Central Florida"
"3871","1997-1998","Central Michigan"
"3872","1997-1998","Charleston Southern"
"3873","1997-1998","Charlotte"
"3874","1997-1998","Chattanooga"
"3875","1997-1998","Chicago State"
"3876","1997-1998","Cincinnati"
"3877","1997-1998","Citadel"
"3878","1997-1998","Clemson"
"3879","1997-1998","Cleveland State"
"3880","1997-1998","Coastal Carolina"
"3881","1997-1998","Colgate"
"3882","1997-1998","College of Charleston"
"3883","1997-1998","Colorado"
"3884","1997-1998","Colorado State"
"3885","1997-1998","Columbia"
"3886","1997-1998","Connecticut"
"3887","1997-1998","Coppin State"
"3888","1997-1998","Cornell"
"3889","1997-1998","Creighton"
"3890","1997-1998","Dartmouth"
"3891","1997-1998","Davidson"
"3892","1997-1998","Dayton"
"3893","1997-1998","Delaware"
"3894","1997-1998","Delaware State"
"3895","1997-1998","DePaul"
"3896","1997-1998","Detroit Mercy"
"3897","1997-1998","Drake"
"3898","1997-1998","Drexel"
"3899","1997-1998","Duke"
"3900","1997-1998","Duquesne"
"3901","1997-1998","East Carolina"
"3902","1997-1998","East Tennessee State"
"3903","1997-1998","Eastern Illinois"
"3904","1997-1998","Eastern Kentucky"
"3905","1997-1998","Eastern Michigan"
"3906","1997-1998","Eastern Washington"
"3907","1997-1998","Evansville"
"3908","1997-1998","Fairfield"
"3909","1997-1998","Fairleigh Dickinson"
"3910","1997-1998","Florida"
"3911","1997-1998","Florida A&M"
"3912","1997-1998","Florida Atlantic"
"3913","1997-1998","Florida International"
"3914","1997-1998","Florida State"
"3915","1997-1998","Fordham"
"3916","1997-1998","Fresno State"
"3917","1997-1998","Furman"
"3918","1997-1998","George Mason"
"3919","1997-1998","George Washington"
"3920","1997-1998","Georgetown"
"3921","1997-1998","Georgia"
"3922","1997-1998","Georgia Southern"
"3923","1997-1998","Georgia State"
"3924","1997-1998","Georgia Tech"
"3925","1997-1998","Gonzaga"
"3926","1997-1998","Grambling"
"3927","1997-1998","Green Bay"
"3928","1997-1998","Hampton"
"3929","1997-1998","Hartford"
"3930","1997-1998","Harvard"
"3931","1997-1998","Hawaii"
"3932","1997-1998","Hofstra"
"3933","1997-1998","Holy Cross"
"3934","1997-1998","Houston"
"3935","1997-1998","Howard"
"3936","1997-1998","Idaho"
"3937","1997-1998","Idaho State"
"3938","1997-1998","Illinois"
"3939","1997-1998","Illinois-Chicago"
"3940","1997-1998","Illinois State"
"3941","1997-1998","Indiana"
"3942","1997-1998","Indiana State"
"3943","1997-1998","Iona"
"3944","1997-1998","Iowa"
"3945","1997-1998","Iowa State"
"3946","1997-1998","Jackson State"
"3947","1997-1998","Jacksonville"
"3948","1997-1998","Jacksonville State"
"3949","1997-1998","James Madison"
"3950","1997-1998","Kansas"
"3951","1997-1998","Kansas State"
"3952","1997-1998","Kent State"
"3953","1997-1998","Kentucky"
"3954","1997-1998","La Salle"
"3955","1997-1998","Lafayette"
"3956","1997-1998","Lamar"
"3957","1997-1998","Lehigh"
"3958","1997-1998","Liberty"
"3959","1997-1998","Little Rock"
"3960","1997-1998","Long Beach State"
"3961","1997-1998","Long Island University"
"3962","1997-1998","Louisiana"
"3963","1997-1998","Louisiana-Monroe"
"3964","1997-1998","Louisiana State"
"3965","1997-1998","Louisiana Tech"
"3966","1997-1998","Louisville"
"3967","1997-1998","Loyola (IL)"
"3968","1997-1998","Loyola (MD)"
"3969","1997-1998","Loyola Marymount"
"3970","1997-1998","Maine"
"3971","1997-1998","Manhattan"
"3972","1997-1998","Marist"
"3973","1997-1998","Marquette"
"3974","1997-1998","Marshall"
"3975","1997-1998","Maryland"
"3976","1997-1998","Maryland-Baltimore County"
"3977","1997-1998","Maryland-Eastern Shore"
"3978","1997-1998","Massachusetts"
"3979","1997-1998","McNeese State"
"3980","1997-1998","Memphis"
"3981","1997-1998","Mercer"
"3982","1997-1998","Miami (FL)"
"3983","1997-1998","Miami (OH)"
"3984","1997-1998","Michigan"
"3985","1997-1998","Michigan State"
"3986","1997-1998","Middle Tennessee"
"3987","1997-1998","Milwaukee"
"3988","1997-1998","Minnesota"
"3989","1997-1998","Mississippi"
"3990","1997-1998","Mississippi State"
"3991","1997-1998","Mississippi Valley State"
"3992","1997-1998","Missouri"
"3993","1997-1998","Missouri-Kansas City"
"3994","1997-1998","Missouri State"
"3995","1997-1998","Monmouth"
"3996","1997-1998","Montana"
"3997","1997-1998","Montana State"
"3998","1997-1998","Morehead State"
"3999","1997-1998","Morgan State"
"4000","1997-1998","Mount St. Mary's"
"4001","1997-1998","Murray State"
"4002","1997-1998","Navy"
"4003","1997-1998","Nebraska"
"4004","1997-1998","Nevada"
"4005","1997-1998","Nevada-Las Vegas"
"4006","1997-1998","New Hampshire"
"4007","1997-1998","New Mexico"
"4008","1997-1998","New Mexico State"
"4009","1997-1998","New Orleans"
"4010","1997-1998","Niagara"
"4011","1997-1998","Nicholls State"
"4012","1997-1998","Norfolk State"
"4013","1997-1998","North Carolina"
"4014","1997-1998","North Carolina-Asheville"
"4015","1997-1998","North Carolina-Greensboro"
"4016","1997-1998","North Carolina-Wilmington"
"4017","1997-1998","North Carolina A&T"
"4018","1997-1998","North Carolina State"
"4019","1997-1998","North Texas"
"4020","1997-1998","Northeastern"
"4021","1997-1998","Northeastern Illinois"
"4022","1997-1998","Northern Arizona"
"4023","1997-1998","Northern Illinois"
"4024","1997-1998","Northern Iowa"
"4025","1997-1998","Northwestern"
"4026","1997-1998","Northwestern State"
"4027","1997-1998","Notre Dame"
"4028","1997-1998","Ohio"
"4029","1997-1998","Ohio State"
"4030","1997-1998","Oklahoma"
"4031","1997-1998","Oklahoma State"
"4032","1997-1998","Old Dominion"
"4033","1997-1998","Oral Roberts"
"4034","1997-1998","Oregon"
"4035","1997-1998","Oregon State"
"4036","1997-1998","Pacific"
"4037","1997-1998","Penn State"
"4038","1997-1998","Pennsylvania"
"4039","1997-1998","Pepperdine"
"4040","1997-1998","Pittsburgh"
"4041","1997-1998","Portland"
"4042","1997-1998","Prairie View"
"4043","1997-1998","Princeton"
"4044","1997-1998","Providence"
"4045","1997-1998","Purdue"
"4046","1997-1998","Radford"
"4047","1997-1998","Rhode Island"
"4048","1997-1998","Rice"
"4049","1997-1998","Richmond"
"4050","1997-1998","Rider"
"4051","1997-1998","Robert Morris"
"4052","1997-1998","Rutgers"
"4053","1997-1998","Sacramento State"
"4054","1997-1998","Saint Francis (PA)"
"4055","1997-1998","Saint Joseph's"
"4056","1997-1998","Saint Louis"
"4057","1997-1998","Saint Mary's (CA)"
"4058","1997-1998","Saint Peter's"
"4059","1997-1998","Sam Houston State"
"4060","1997-1998","Samford"
"4061","1997-1998","San Diego"
"4062","1997-1998","San Diego State"
"4063","1997-1998","San Francisco"
"4064","1997-1998","San Jose State"
"4065","1997-1998","Santa Clara"
"4066","1997-1998","Seton Hall"
"4067","1997-1998","Siena"
"4068","1997-1998","South Alabama"
"4069","1997-1998","South Carolina"
"4070","1997-1998","South Carolina State"
"4071","1997-1998","South Florida"
"4072","1997-1998","Southeast Missouri State"
"4073","1997-1998","Southeastern Louisiana"
"4074","1997-1998","Southern"
"4075","1997-1998","Southern California"
"4076","1997-1998","Southern Illinois"
"4077","1997-1998","Southern Methodist"
"4078","1997-1998","Southern Mississippi"
"4079","1997-1998","Southern Utah"
"4080","1997-1998","St. Bonaventure"
"4081","1997-1998","St. Francis (NY)"
"4082","1997-1998","St. John's (NY)"
"4083","1997-1998","Stanford"
"4084","1997-1998","Stephen F. Austin"
"4085","1997-1998","Stetson"
"4086","1997-1998","Syracuse"
"4087","1997-1998","Temple"
"4088","1997-1998","Tennessee"
"4089","1997-1998","Tennessee-Martin"
"4090","1997-1998","Tennessee State"
"4091","1997-1998","Tennessee Tech"
"4092","1997-1998","Texas"
"4093","1997-1998","Texas-Arlington"
"4094","1997-1998","Texas-El Paso"
"4095","1997-1998","Texas-Rio Grande Valley"
"4096","1997-1998","Texas-San Antonio"
"4097","1997-1998","Texas A&M"
"4098","1997-1998","Texas Christian"
"4099","1997-1998","Texas Southern"
"4100","1997-1998","Texas State"
"4101","1997-1998","Texas Tech"
"4102","1997-1998","Toledo"
"4103","1997-1998","Towson"
"4104","1997-1998","Troy"
"4105","1997-1998","Tulane"
"4106","1997-1998","Tulsa"
"4107","1997-1998","UC-Irvine"
"4108","1997-1998","UC-Santa Barbara"
"4109","1997-1998","UCLA"
"4110","1997-1998","University of California"
"4111","1997-1998","Utah"
"4112","1997-1998","Utah State"
"4113","1997-1998","Valparaiso"
"4114","1997-1998","Vanderbilt"
"4115","1997-1998","Vermont"
"4116","1997-1998","Villanova"
"4117","1997-1998","Virginia"
"4118","1997-1998","Virginia Commonwealth"
"4119","1997-1998","Virginia Tech"
"4120","1997-1998","VMI"
"4121","1997-1998","Wagner"
"4122","1997-1998","Wake Forest"
"4123","1997-1998","Washington"
"4124","1997-1998","Washington State"
"4125","1997-1998","Weber State"
"4126","1997-1998","West Virginia"
"4127","1997-1998","Western Carolina"
"4128","1997-1998","Western Illinois"
"4129","1997-1998","Western Kentucky"
"4130","1997-1998","Western Michigan"
"4131","1997-1998","Wichita State"
"4132","1997-1998","William & Mary"
"4133","1997-1998","Winthrop"
"4134","1997-1998","Wisconsin"
"4135","1997-1998","Wofford"
"4136","1997-1998","Wright State"
"4137","1997-1998","Wyoming"
"4138","1997-1998","Xavier"
"4139","1997-1998","Yale"
"4140","1997-1998","Youngstown State"
"4141","1998-1999","Air Force"
"4142","1998-1999","Akron"
"4143","1998-1999","Alabama"
"4144","1998-1999","Alabama-Birmingham"
"4145","1998-1999","Alabama State"
"4146","1998-1999","Alcorn State"
"4147","1998-1999","American"
"4148","1998-1999","Appalachian State"
"4149","1998-1999","Arizona"
"4150","1998-1999","Arizona State"
"4151","1998-1999","Arkansas"
"4152","1998-1999","Arkansas-Pine Bluff"
"4153","1998-1999","Arkansas State"
"4154","1998-1999","Army"
"4155","1998-1999","Auburn"
"4156","1998-1999","Austin Peay"
"4157","1998-1999","Ball State"
"4158","1998-1999","Baylor"
"4159","1998-1999","Bethune-Cookman"
"4160","1998-1999","Boise State"
"4161","1998-1999","Boston College"
"4162","1998-1999","Boston University"
"4163","1998-1999","Bowling Green State"
"4164","1998-1999","Bradley"
"4165","1998-1999","Brigham Young"
"4166","1998-1999","Brown"
"4167","1998-1999","Bucknell"
"4168","1998-1999","Buffalo"
"4169","1998-1999","Butler"
"4170","1998-1999","Cal Poly"
"4171","1998-1999","Cal State Fullerton"
"4172","1998-1999","Cal State Northridge"
"4173","1998-1999","Campbell"
"4174","1998-1999","Canisius"
"4175","1998-1999","Centenary (LA)"
"4176","1998-1999","Central Connecticut State"
"4177","1998-1999","Central Florida"
"4178","1998-1999","Central Michigan"
"4179","1998-1999","Charleston Southern"
"4180","1998-1999","Charlotte"
"4181","1998-1999","Chattanooga"
"4182","1998-1999","Chicago State"
"4183","1998-1999","Cincinnati"
"4184","1998-1999","Citadel"
"4185","1998-1999","Clemson"
"4186","1998-1999","Cleveland State"
"4187","1998-1999","Coastal Carolina"
"4188","1998-1999","Colgate"
"4189","1998-1999","College of Charleston"
"4190","1998-1999","Colorado"
"4191","1998-1999","Colorado State"
"4192","1998-1999","Columbia"
"4193","1998-1999","Connecticut"
"4194","1998-1999","Coppin State"
"4195","1998-1999","Cornell"
"4196","1998-1999","Creighton"
"4197","1998-1999","Dartmouth"
"4198","1998-1999","Davidson"
"4199","1998-1999","Dayton"
"4200","1998-1999","Delaware"
"4201","1998-1999","Delaware State"
"4202","1998-1999","Denver"
"4203","1998-1999","DePaul"
"4204","1998-1999","Detroit Mercy"
"4205","1998-1999","Drake"
"4206","1998-1999","Drexel"
"4207","1998-1999","Duke"
"4208","1998-1999","Duquesne"
"4209","1998-1999","East Carolina"
"4210","1998-1999","East Tennessee State"
"4211","1998-1999","Eastern Illinois"
"4212","1998-1999","Eastern Kentucky"
"4213","1998-1999","Eastern Michigan"
"4214","1998-1999","Eastern Washington"
"4215","1998-1999","Evansville"
"4216","1998-1999","Fairfield"
"4217","1998-1999","Fairleigh Dickinson"
"4218","1998-1999","Florida"
"4219","1998-1999","Florida A&M"
"4220","1998-1999","Florida Atlantic"
"4221","1998-1999","Florida International"
"4222","1998-1999","Florida State"
"4223","1998-1999","Fordham"
"4224","1998-1999","Fresno State"
"4225","1998-1999","Furman"
"4226","1998-1999","George Mason"
"4227","1998-1999","George Washington"
"4228","1998-1999","Georgetown"
"4229","1998-1999","Georgia"
"4230","1998-1999","Georgia Southern"
"4231","1998-1999","Georgia State"
"4232","1998-1999","Georgia Tech"
"4233","1998-1999","Gonzaga"
"4234","1998-1999","Grambling"
"4235","1998-1999","Green Bay"
"4236","1998-1999","Hampton"
"4237","1998-1999","Hartford"
"4238","1998-1999","Harvard"
"4239","1998-1999","Hawaii"
"4240","1998-1999","Hofstra"
"4241","1998-1999","Holy Cross"
"4242","1998-1999","Houston"
"4243","1998-1999","Howard"
"4244","1998-1999","Idaho"
"4245","1998-1999","Idaho State"
"4246","1998-1999","Illinois"
"4247","1998-1999","Illinois-Chicago"
"4248","1998-1999","Illinois State"
"4249","1998-1999","Indiana"
"4250","1998-1999","Indiana State"
"4251","1998-1999","Iona"
"4252","1998-1999","Iowa"
"4253","1998-1999","Iowa State"
"4254","1998-1999","IUPUI"
"4255","1998-1999","Jackson State"
"4256","1998-1999","Jacksonville"
"4257","1998-1999","Jacksonville State"
"4258","1998-1999","James Madison"
"4259","1998-1999","Kansas"
"4260","1998-1999","Kansas State"
"4261","1998-1999","Kent State"
"4262","1998-1999","Kentucky"
"4263","1998-1999","La Salle"
"4264","1998-1999","Lafayette"
"4265","1998-1999","Lamar"
"4266","1998-1999","Lehigh"
"4267","1998-1999","Liberty"
"4268","1998-1999","Little Rock"
"4269","1998-1999","Long Beach State"
"4270","1998-1999","Long Island University"
"4271","1998-1999","Louisiana"
"4272","1998-1999","Louisiana-Monroe"
"4273","1998-1999","Louisiana State"
"4274","1998-1999","Louisiana Tech"
"4275","1998-1999","Louisville"
"4276","1998-1999","Loyola (IL)"
"4277","1998-1999","Loyola (MD)"
"4278","1998-1999","Loyola Marymount"
"4279","1998-1999","Maine"
"4280","1998-1999","Manhattan"
"4281","1998-1999","Marist"
"4282","1998-1999","Marquette"
"4283","1998-1999","Marshall"
"4284","1998-1999","Maryland"
"4285","1998-1999","Maryland-Baltimore County"
"4286","1998-1999","Maryland-Eastern Shore"
"4287","1998-1999","Massachusetts"
"4288","1998-1999","McNeese State"
"4289","1998-1999","Memphis"
"4290","1998-1999","Mercer"
"4291","1998-1999","Miami (FL)"
"4292","1998-1999","Miami (OH)"
"4293","1998-1999","Michigan"
"4294","1998-1999","Michigan State"
"4295","1998-1999","Middle Tennessee"
"4296","1998-1999","Milwaukee"
"4297","1998-1999","Minnesota"
"4298","1998-1999","Mississippi"
"4299","1998-1999","Mississippi State"
"4300","1998-1999","Mississippi Valley State"
"4301","1998-1999","Missouri"
"4302","1998-1999","Missouri-Kansas City"
"4303","1998-1999","Missouri State"
"4304","1998-1999","Monmouth"
"4305","1998-1999","Montana"
"4306","1998-1999","Montana State"
"4307","1998-1999","Morehead State"
"4308","1998-1999","Morgan State"
"4309","1998-1999","Mount St. Mary's"
"4310","1998-1999","Murray State"
"4311","1998-1999","Navy"
"4312","1998-1999","Nebraska"
"4313","1998-1999","Nevada"
"4314","1998-1999","Nevada-Las Vegas"
"4315","1998-1999","New Hampshire"
"4316","1998-1999","New Mexico"
"4317","1998-1999","New Mexico State"
"4318","1998-1999","New Orleans"
"4319","1998-1999","Niagara"
"4320","1998-1999","Nicholls State"
"4321","1998-1999","Norfolk State"
"4322","1998-1999","North Carolina"
"4323","1998-1999","North Carolina-Asheville"
"4324","1998-1999","North Carolina-Greensboro"
"4325","1998-1999","North Carolina-Wilmington"
"4326","1998-1999","North Carolina A&T"
"4327","1998-1999","North Carolina State"
"4328","1998-1999","North Texas"
"4329","1998-1999","Northeastern"
"4330","1998-1999","Northern Arizona"
"4331","1998-1999","Northern Illinois"
"4332","1998-1999","Northern Iowa"
"4333","1998-1999","Northwestern"
"4334","1998-1999","Northwestern State"
"4335","1998-1999","Notre Dame"
"4336","1998-1999","Ohio"
"4337","1998-1999","Ohio State"
"4338","1998-1999","Oklahoma"
"4339","1998-1999","Oklahoma State"
"4340","1998-1999","Old Dominion"
"4341","1998-1999","Oral Roberts"
"4342","1998-1999","Oregon"
"4343","1998-1999","Oregon State"
"4344","1998-1999","Pacific"
"4345","1998-1999","Penn State"
"4346","1998-1999","Pennsylvania"
"4347","1998-1999","Pepperdine"
"4348","1998-1999","Pittsburgh"
"4349","1998-1999","Portland"
"4350","1998-1999","Portland State"
"4351","1998-1999","Prairie View"
"4352","1998-1999","Princeton"
"4353","1998-1999","Providence"
"4354","1998-1999","Purdue"
"4355","1998-1999","Quinnipiac"
"4356","1998-1999","Radford"
"4357","1998-1999","Rhode Island"
"4358","1998-1999","Rice"
"4359","1998-1999","Richmond"
"4360","1998-1999","Rider"
"4361","1998-1999","Robert Morris"
"4362","1998-1999","Rutgers"
"4363","1998-1999","Sacramento State"
"4364","1998-1999","Saint Francis (PA)"
"4365","1998-1999","Saint Joseph's"
"4366","1998-1999","Saint Louis"
"4367","1998-1999","Saint Mary's (CA)"
"4368","1998-1999","Saint Peter's"
"4369","1998-1999","Sam Houston State"
"4370","1998-1999","Samford"
"4371","1998-1999","San Diego"
"4372","1998-1999","San Diego State"
"4373","1998-1999","San Francisco"
"4374","1998-1999","San Jose State"
"4375","1998-1999","Santa Clara"
"4376","1998-1999","Seton Hall"
"4377","1998-1999","Siena"
"4378","1998-1999","South Alabama"
"4379","1998-1999","South Carolina"
"4380","1998-1999","South Carolina State"
"4381","1998-1999","South Florida"
"4382","1998-1999","Southeast Missouri State"
"4383","1998-1999","Southeastern Louisiana"
"4384","1998-1999","Southern"
"4385","1998-1999","Southern California"
"4386","1998-1999","Southern Illinois"
"4387","1998-1999","Southern Methodist"
"4388","1998-1999","Southern Mississippi"
"4389","1998-1999","Southern Utah"
"4390","1998-1999","St. Bonaventure"
"4391","1998-1999","St. Francis (NY)"
"4392","1998-1999","St. John's (NY)"
"4393","1998-1999","Stanford"
"4394","1998-1999","Stephen F. Austin"
"4395","1998-1999","Stetson"
"4396","1998-1999","Syracuse"
"4397","1998-1999","Temple"
"4398","1998-1999","Tennessee"
"4399","1998-1999","Tennessee-Martin"
"4400","1998-1999","Tennessee State"
"4401","1998-1999","Tennessee Tech"
"4402","1998-1999","Texas"
"4403","1998-1999","Texas-Arlington"
"4404","1998-1999","Texas-El Paso"
"4405","1998-1999","Texas-Rio Grande Valley"
"4406","1998-1999","Texas-San Antonio"
"4407","1998-1999","Texas A&M"
"4408","1998-1999","Texas Christian"
"4409","1998-1999","Texas Southern"
"4410","1998-1999","Texas State"
"4411","1998-1999","Texas Tech"
"4412","1998-1999","Toledo"
"4413","1998-1999","Towson"
"4414","1998-1999","Troy"
"4415","1998-1999","Tulane"
"4416","1998-1999","Tulsa"
"4417","1998-1999","UC-Irvine"
"4418","1998-1999","UC-Santa Barbara"
"4419","1998-1999","UCLA"
"4420","1998-1999","University of California"
"4421","1998-1999","Utah"
"4422","1998-1999","Utah State"
"4423","1998-1999","Valparaiso"
"4424","1998-1999","Vanderbilt"
"4425","1998-1999","Vermont"
"4426","1998-1999","Villanova"
"4427","1998-1999","Virginia"
"4428","1998-1999","Virginia Commonwealth"
"4429","1998-1999","Virginia Tech"
"4430","1998-1999","VMI"
"4431","1998-1999","Wagner"
"4432","1998-1999","Wake Forest"
"4433","1998-1999","Washington"
"4434","1998-1999","Washington State"
"4435","1998-1999","Weber State"
"4436","1998-1999","West Virginia"
"4437","1998-1999","Western Carolina"
"4438","1998-1999","Western Illinois"
"4439","1998-1999","Western Kentucky"
"4440","1998-1999","Western Michigan"
"4441","1998-1999","Wichita State"
"4442","1998-1999","William & Mary"
"4443","1998-1999","Winthrop"
"4444","1998-1999","Wisconsin"
"4445","1998-1999","Wofford"
"4446","1998-1999","Wright State"
"4447","1998-1999","Wyoming"
"4448","1998-1999","Xavier"
"4449","1998-1999","Yale"
"4450","1998-1999","Youngstown State"
"4451","1999-2000","Air Force"
"4452","1999-2000","Akron"
"4453","1999-2000","Alabama"
"4454","1999-2000","Alabama-Birmingham"
"4455","1999-2000","Alabama A&M"
"4456","1999-2000","Alabama State"
"4457","1999-2000","Albany (NY)"
"4458","1999-2000","Alcorn State"
"4459","1999-2000","American"
"4460","1999-2000","Appalachian State"
"4461","1999-2000","Arizona"
"4462","1999-2000","Arizona State"
"4463","1999-2000","Arkansas"
"4464","1999-2000","Arkansas-Pine Bluff"
"4465","1999-2000","Arkansas State"
"4466","1999-2000","Army"
"4467","1999-2000","Auburn"
"4468","1999-2000","Austin Peay"
"4469","1999-2000","Ball State"
"4470","1999-2000","Baylor"
"4471","1999-2000","Belmont"
"4472","1999-2000","Bethune-Cookman"
"4473","1999-2000","Boise State"
"4474","1999-2000","Boston College"
"4475","1999-2000","Boston University"
"4476","1999-2000","Bowling Green State"
"4477","1999-2000","Bradley"
"4478","1999-2000","Brigham Young"
"4479","1999-2000","Brown"
"4480","1999-2000","Bucknell"
"4481","1999-2000","Buffalo"
"4482","1999-2000","Butler"
"4483","1999-2000","Cal Poly"
"4484","1999-2000","Cal State Fullerton"
"4485","1999-2000","Cal State Northridge"
"4486","1999-2000","Campbell"
"4487","1999-2000","Canisius"
"4488","1999-2000","Centenary (LA)"
"4489","1999-2000","Central Connecticut State"
"4490","1999-2000","Central Florida"
"4491","1999-2000","Central Michigan"
"4492","1999-2000","Charleston Southern"
"4493","1999-2000","Charlotte"
"4494","1999-2000","Chattanooga"
"4495","1999-2000","Chicago State"
"4496","1999-2000","Cincinnati"
"4497","1999-2000","Citadel"
"4498","1999-2000","Clemson"
"4499","1999-2000","Cleveland State"
"4500","1999-2000","Coastal Carolina"
"4501","1999-2000","Colgate"
"4502","1999-2000","College of Charleston"
"4503","1999-2000","Colorado"
"4504","1999-2000","Colorado State"
"4505","1999-2000","Columbia"
"4506","1999-2000","Connecticut"
"4507","1999-2000","Coppin State"
"4508","1999-2000","Cornell"
"4509","1999-2000","Creighton"
"4510","1999-2000","Dartmouth"
"4511","1999-2000","Davidson"
"4512","1999-2000","Dayton"
"4513","1999-2000","Delaware"
"4514","1999-2000","Delaware State"
"4515","1999-2000","Denver"
"4516","1999-2000","DePaul"
"4517","1999-2000","Detroit Mercy"
"4518","1999-2000","Drake"
"4519","1999-2000","Drexel"
"4520","1999-2000","Duke"
"4521","1999-2000","Duquesne"
"4522","1999-2000","East Carolina"
"4523","1999-2000","East Tennessee State"
"4524","1999-2000","Eastern Illinois"
"4525","1999-2000","Eastern Kentucky"
"4526","1999-2000","Eastern Michigan"
"4527","1999-2000","Eastern Washington"
"4528","1999-2000","Elon"
"4529","1999-2000","Evansville"
"4530","1999-2000","Fairfield"
"4531","1999-2000","Fairleigh Dickinson"
"4532","1999-2000","Florida"
"4533","1999-2000","Florida A&M"
"4534","1999-2000","Florida Atlantic"
"4535","1999-2000","Florida International"
"4536","1999-2000","Florida State"
"4537","1999-2000","Fordham"
"4538","1999-2000","Fresno State"
"4539","1999-2000","Furman"
"4540","1999-2000","George Mason"
"4541","1999-2000","George Washington"
"4542","1999-2000","Georgetown"
"4543","1999-2000","Georgia"
"4544","1999-2000","Georgia Southern"
"4545","1999-2000","Georgia State"
"4546","1999-2000","Georgia Tech"
"4547","1999-2000","Gonzaga"
"4548","1999-2000","Grambling"
"4549","1999-2000","Green Bay"
"4550","1999-2000","Hampton"
"4551","1999-2000","Hartford"
"4552","1999-2000","Harvard"
"4553","1999-2000","Hawaii"
"4554","1999-2000","High Point"
"4555","1999-2000","Hofstra"
"4556","1999-2000","Holy Cross"
"4557","1999-2000","Houston"
"4558","1999-2000","Howard"
"4559","1999-2000","Idaho"
"4560","1999-2000","Idaho State"
"4561","1999-2000","Illinois"
"4562","1999-2000","Illinois-Chicago"
"4563","1999-2000","Illinois State"
"4564","1999-2000","Indiana"
"4565","1999-2000","Indiana State"
"4566","1999-2000","Iona"
"4567","1999-2000","Iowa"
"4568","1999-2000","Iowa State"
"4569","1999-2000","IUPUI"
"4570","1999-2000","Jackson State"
"4571","1999-2000","Jacksonville"
"4572","1999-2000","Jacksonville State"
"4573","1999-2000","James Madison"
"4574","1999-2000","Kansas"
"4575","1999-2000","Kansas State"
"4576","1999-2000","Kent State"
"4577","1999-2000","Kentucky"
"4578","1999-2000","La Salle"
"4579","1999-2000","Lafayette"
"4580","1999-2000","Lamar"
"4581","1999-2000","Lehigh"
"4582","1999-2000","Liberty"
"4583","1999-2000","Little Rock"
"4584","1999-2000","Long Beach State"
"4585","1999-2000","Long Island University"
"4586","1999-2000","Louisiana"
"4587","1999-2000","Louisiana-Monroe"
"4588","1999-2000","Louisiana State"
"4589","1999-2000","Louisiana Tech"
"4590","1999-2000","Louisville"
"4591","1999-2000","Loyola (IL)"
"4592","1999-2000","Loyola (MD)"
"4593","1999-2000","Loyola Marymount"
"4594","1999-2000","Maine"
"4595","1999-2000","Manhattan"
"4596","1999-2000","Marist"
"4597","1999-2000","Marquette"
"4598","1999-2000","Marshall"
"4599","1999-2000","Maryland"
"4600","1999-2000","Maryland-Baltimore County"
"4601","1999-2000","Maryland-Eastern Shore"
"4602","1999-2000","Massachusetts"
"4603","1999-2000","McNeese State"
"4604","1999-2000","Memphis"
"4605","1999-2000","Mercer"
"4606","1999-2000","Miami (FL)"
"4607","1999-2000","Miami (OH)"
"4608","1999-2000","Michigan"
"4609","1999-2000","Michigan State"
"4610","1999-2000","Middle Tennessee"
"4611","1999-2000","Milwaukee"
"4612","1999-2000","Minnesota"
"4613","1999-2000","Mississippi"
"4614","1999-2000","Mississippi State"
"4615","1999-2000","Mississippi Valley State"
"4616","1999-2000","Missouri"
"4617","1999-2000","Missouri-Kansas City"
"4618","1999-2000","Missouri State"
"4619","1999-2000","Monmouth"
"4620","1999-2000","Montana"
"4621","1999-2000","Montana State"
"4622","1999-2000","Morehead State"
"4623","1999-2000","Morgan State"
"4624","1999-2000","Mount St. Mary's"
"4625","1999-2000","Murray State"
"4626","1999-2000","Navy"
"4627","1999-2000","Nebraska"
"4628","1999-2000","Nevada"
"4629","1999-2000","Nevada-Las Vegas"
"4630","1999-2000","New Hampshire"
"4631","1999-2000","New Mexico"
"4632","1999-2000","New Mexico State"
"4633","1999-2000","New Orleans"
"4634","1999-2000","Niagara"
"4635","1999-2000","Nicholls State"
"4636","1999-2000","Norfolk State"
"4637","1999-2000","North Carolina"
"4638","1999-2000","North Carolina-Asheville"
"4639","1999-2000","North Carolina-Greensboro"
"4640","1999-2000","North Carolina-Wilmington"
"4641","1999-2000","North Carolina A&T"
"4642","1999-2000","North Carolina State"
"4643","1999-2000","North Texas"
"4644","1999-2000","Northeastern"
"4645","1999-2000","Northern Arizona"
"4646","1999-2000","Northern Illinois"
"4647","1999-2000","Northern Iowa"
"4648","1999-2000","Northwestern"
"4649","1999-2000","Northwestern State"
"4650","1999-2000","Notre Dame"
"4651","1999-2000","Oakland"
"4652","1999-2000","Ohio"
"4653","1999-2000","Ohio State"
"4654","1999-2000","Oklahoma"
"4655","1999-2000","Oklahoma State"
"4656","1999-2000","Old Dominion"
"4657","1999-2000","Oral Roberts"
"4658","1999-2000","Oregon"
"4659","1999-2000","Oregon State"
"4660","1999-2000","Pacific"
"4661","1999-2000","Penn State"
"4662","1999-2000","Pennsylvania"
"4663","1999-2000","Pepperdine"
"4664","1999-2000","Pittsburgh"
"4665","1999-2000","Portland"
"4666","1999-2000","Portland State"
"4667","1999-2000","Prairie View"
"4668","1999-2000","Princeton"
"4669","1999-2000","Providence"
"4670","1999-2000","Purdue"
"4671","1999-2000","Quinnipiac"
"4672","1999-2000","Radford"
"4673","1999-2000","Rhode Island"
"4674","1999-2000","Rice"
"4675","1999-2000","Richmond"
"4676","1999-2000","Rider"
"4677","1999-2000","Robert Morris"
"4678","1999-2000","Rutgers"
"4679","1999-2000","Sacramento State"
"4680","1999-2000","Sacred Heart"
"4681","1999-2000","Saint Francis (PA)"
"4682","1999-2000","Saint Joseph's"
"4683","1999-2000","Saint Louis"
"4684","1999-2000","Saint Mary's (CA)"
"4685","1999-2000","Saint Peter's"
"4686","1999-2000","Sam Houston State"
"4687","1999-2000","Samford"
"4688","1999-2000","San Diego"
"4689","1999-2000","San Diego State"
"4690","1999-2000","San Francisco"
"4691","1999-2000","San Jose State"
"4692","1999-2000","Santa Clara"
"4693","1999-2000","Seton Hall"
"4694","1999-2000","Siena"
"4695","1999-2000","South Alabama"
"4696","1999-2000","South Carolina"
"4697","1999-2000","South Carolina State"
"4698","1999-2000","South Florida"
"4699","1999-2000","Southeast Missouri State"
"4700","1999-2000","Southeastern Louisiana"
"4701","1999-2000","Southern"
"4702","1999-2000","Southern California"
"4703","1999-2000","Southern Illinois"
"4704","1999-2000","Southern Methodist"
"4705","1999-2000","Southern Mississippi"
"4706","1999-2000","Southern Utah"
"4707","1999-2000","St. Bonaventure"
"4708","1999-2000","St. Francis (NY)"
"4709","1999-2000","St. John's (NY)"
"4710","1999-2000","Stanford"
"4711","1999-2000","Stephen F. Austin"
"4712","1999-2000","Stetson"
"4713","1999-2000","Stony Brook"
"4714","1999-2000","Syracuse"
"4715","1999-2000","Temple"
"4716","1999-2000","Tennessee"
"4717","1999-2000","Tennessee-Martin"
"4718","1999-2000","Tennessee State"
"4719","1999-2000","Tennessee Tech"
"4720","1999-2000","Texas"
"4721","1999-2000","Texas-Arlington"
"4722","1999-2000","Texas-El Paso"
"4723","1999-2000","Texas-Rio Grande Valley"
"4724","1999-2000","Texas-San Antonio"
"4725","1999-2000","Texas A&M"
"4726","1999-2000","Texas Christian"
"4727","1999-2000","Texas Southern"
"4728","1999-2000","Texas State"
"4729","1999-2000","Texas Tech"
"4730","1999-2000","Toledo"
"4731","1999-2000","Towson"
"4732","1999-2000","Troy"
"4733","1999-2000","Tulane"
"4734","1999-2000","Tulsa"
"4735","1999-2000","UC-Irvine"
"4736","1999-2000","UC-Santa Barbara"
"4737","1999-2000","UCLA"
"4738","1999-2000","University of California"
"4739","1999-2000","Utah"
"4740","1999-2000","Utah State"
"4741","1999-2000","Valparaiso"
"4742","1999-2000","Vanderbilt"
"4743","1999-2000","Vermont"
"4744","1999-2000","Villanova"
"4745","1999-2000","Virginia"
"4746","1999-2000","Virginia Commonwealth"
"4747","1999-2000","Virginia Tech"
"4748","1999-2000","VMI"
"4749","1999-2000","Wagner"
"4750","1999-2000","Wake Forest"
"4751","1999-2000","Washington"
"4752","1999-2000","Washington State"
"4753","1999-2000","Weber State"
"4754","1999-2000","West Virginia"
"4755","1999-2000","Western Carolina"
"4756","1999-2000","Western Illinois"
"4757","1999-2000","Western Kentucky"
"4758","1999-2000","Western Michigan"
"4759","1999-2000","Wichita State"
"4760","1999-2000","William & Mary"
"4761","1999-2000","Winthrop"
"4762","1999-2000","Wisconsin"
"4763","1999-2000","Wofford"
"4764","1999-2000","Wright State"
"4765","1999-2000","Wyoming"
"4766","1999-2000","Xavier"
"4767","1999-2000","Yale"
"4768","1999-2000","Youngstown State"
"4769","2000-2001","Air Force"
"4770","2000-2001","Akron"
"4771","2000-2001","Alabama"
"4772","2000-2001","Alabama-Birmingham"
"4773","2000-2001","Alabama A&M"
"4774","2000-2001","Alabama State"
"4775","2000-2001","Albany (NY)"
"4776","2000-2001","Alcorn State"
"4777","2000-2001","American"
"4778","2000-2001","Appalachian State"
"4779","2000-2001","Arizona"
"4780","2000-2001","Arizona State"
"4781","2000-2001","Arkansas"
"4782","2000-2001","Arkansas-Pine Bluff"
"4783","2000-2001","Arkansas State"
"4784","2000-2001","Army"
"4785","2000-2001","Auburn"
"4786","2000-2001","Austin Peay"
"4787","2000-2001","Ball State"
"4788","2000-2001","Baylor"
"4789","2000-2001","Belmont"
"4790","2000-2001","Bethune-Cookman"
"4791","2000-2001","Boise State"
"4792","2000-2001","Boston College"
"4793","2000-2001","Boston University"
"4794","2000-2001","Bowling Green State"
"4795","2000-2001","Bradley"
"4796","2000-2001","Brigham Young"
"4797","2000-2001","Brown"
"4798","2000-2001","Bucknell"
"4799","2000-2001","Buffalo"
"4800","2000-2001","Butler"
"4801","2000-2001","Cal Poly"
"4802","2000-2001","Cal State Fullerton"
"4803","2000-2001","Cal State Northridge"
"4804","2000-2001","Campbell"
"4805","2000-2001","Canisius"
"4806","2000-2001","Centenary (LA)"
"4807","2000-2001","Central Connecticut State"
"4808","2000-2001","Central Florida"
"4809","2000-2001","Central Michigan"
"4810","2000-2001","Charleston Southern"
"4811","2000-2001","Charlotte"
"4812","2000-2001","Chattanooga"
"4813","2000-2001","Chicago State"
"4814","2000-2001","Cincinnati"
"4815","2000-2001","Citadel"
"4816","2000-2001","Clemson"
"4817","2000-2001","Cleveland State"
"4818","2000-2001","Coastal Carolina"
"4819","2000-2001","Colgate"
"4820","2000-2001","College of Charleston"
"4821","2000-2001","Colorado"
"4822","2000-2001","Colorado State"
"4823","2000-2001","Columbia"
"4824","2000-2001","Connecticut"
"4825","2000-2001","Coppin State"
"4826","2000-2001","Cornell"
"4827","2000-2001","Creighton"
"4828","2000-2001","Dartmouth"
"4829","2000-2001","Davidson"
"4830","2000-2001","Dayton"
"4831","2000-2001","Delaware"
"4832","2000-2001","Delaware State"
"4833","2000-2001","Denver"
"4834","2000-2001","DePaul"
"4835","2000-2001","Detroit Mercy"
"4836","2000-2001","Drake"
"4837","2000-2001","Drexel"
"4838","2000-2001","Duke"
"4839","2000-2001","Duquesne"
"4840","2000-2001","East Carolina"
"4841","2000-2001","East Tennessee State"
"4842","2000-2001","Eastern Illinois"
"4843","2000-2001","Eastern Kentucky"
"4844","2000-2001","Eastern Michigan"
"4845","2000-2001","Eastern Washington"
"4846","2000-2001","Elon"
"4847","2000-2001","Evansville"
"4848","2000-2001","Fairfield"
"4849","2000-2001","Fairleigh Dickinson"
"4850","2000-2001","Florida"
"4851","2000-2001","Florida A&M"
"4852","2000-2001","Florida Atlantic"
"4853","2000-2001","Florida International"
"4854","2000-2001","Florida State"
"4855","2000-2001","Fordham"
"4856","2000-2001","Fresno State"
"4857","2000-2001","Furman"
"4858","2000-2001","George Mason"
"4859","2000-2001","George Washington"
"4860","2000-2001","Georgetown"
"4861","2000-2001","Georgia"
"4862","2000-2001","Georgia Southern"
"4863","2000-2001","Georgia State"
"4864","2000-2001","Georgia Tech"
"4865","2000-2001","Gonzaga"
"4866","2000-2001","Grambling"
"4867","2000-2001","Green Bay"
"4868","2000-2001","Hampton"
"4869","2000-2001","Hartford"
"4870","2000-2001","Harvard"
"4871","2000-2001","Hawaii"
"4872","2000-2001","High Point"
"4873","2000-2001","Hofstra"
"4874","2000-2001","Holy Cross"
"4875","2000-2001","Houston"
"4876","2000-2001","Howard"
"4877","2000-2001","Idaho"
"4878","2000-2001","Idaho State"
"4879","2000-2001","Illinois"
"4880","2000-2001","Illinois-Chicago"
"4881","2000-2001","Illinois State"
"4882","2000-2001","Indiana"
"4883","2000-2001","Indiana State"
"4884","2000-2001","Iona"
"4885","2000-2001","Iowa"
"4886","2000-2001","Iowa State"
"4887","2000-2001","IUPUI"
"4888","2000-2001","Jackson State"
"4889","2000-2001","Jacksonville"
"4890","2000-2001","Jacksonville State"
"4891","2000-2001","James Madison"
"4892","2000-2001","Kansas"
"4893","2000-2001","Kansas State"
"4894","2000-2001","Kent State"
"4895","2000-2001","Kentucky"
"4896","2000-2001","La Salle"
"4897","2000-2001","Lafayette"
"4898","2000-2001","Lamar"
"4899","2000-2001","Lehigh"
"4900","2000-2001","Liberty"
"4901","2000-2001","Little Rock"
"4902","2000-2001","Long Beach State"
"4903","2000-2001","Long Island University"
"4904","2000-2001","Louisiana"
"4905","2000-2001","Louisiana-Monroe"
"4906","2000-2001","Louisiana State"
"4907","2000-2001","Louisiana Tech"
"4908","2000-2001","Louisville"
"4909","2000-2001","Loyola (IL)"
"4910","2000-2001","Loyola (MD)"
"4911","2000-2001","Loyola Marymount"
"4912","2000-2001","Maine"
"4913","2000-2001","Manhattan"
"4914","2000-2001","Marist"
"4915","2000-2001","Marquette"
"4916","2000-2001","Marshall"
"4917","2000-2001","Maryland"
"4918","2000-2001","Maryland-Baltimore County"
"4919","2000-2001","Maryland-Eastern Shore"
"4920","2000-2001","Massachusetts"
"4921","2000-2001","McNeese State"
"4922","2000-2001","Memphis"
"4923","2000-2001","Mercer"
"4924","2000-2001","Miami (FL)"
"4925","2000-2001","Miami (OH)"
"4926","2000-2001","Michigan"
"4927","2000-2001","Michigan State"
"4928","2000-2001","Middle Tennessee"
"4929","2000-2001","Milwaukee"
"4930","2000-2001","Minnesota"
"4931","2000-2001","Mississippi"
"4932","2000-2001","Mississippi State"
"4933","2000-2001","Mississippi Valley State"
"4934","2000-2001","Missouri"
"4935","2000-2001","Missouri-Kansas City"
"4936","2000-2001","Missouri State"
"4937","2000-2001","Monmouth"
"4938","2000-2001","Montana"
"4939","2000-2001","Montana State"
"4940","2000-2001","Morehead State"
"4941","2000-2001","Morgan State"
"4942","2000-2001","Mount St. Mary's"
"4943","2000-2001","Murray State"
"4944","2000-2001","Navy"
"4945","2000-2001","Nebraska"
"4946","2000-2001","Nevada"
"4947","2000-2001","Nevada-Las Vegas"
"4948","2000-2001","New Hampshire"
"4949","2000-2001","New Mexico"
"4950","2000-2001","New Mexico State"
"4951","2000-2001","New Orleans"
"4952","2000-2001","Niagara"
"4953","2000-2001","Nicholls State"
"4954","2000-2001","Norfolk State"
"4955","2000-2001","North Carolina"
"4956","2000-2001","North Carolina-Asheville"
"4957","2000-2001","North Carolina-Greensboro"
"4958","2000-2001","North Carolina-Wilmington"
"4959","2000-2001","North Carolina A&T"
"4960","2000-2001","North Carolina State"
"4961","2000-2001","North Texas"
"4962","2000-2001","Northeastern"
"4963","2000-2001","Northern Arizona"
"4964","2000-2001","Northern Illinois"
"4965","2000-2001","Northern Iowa"
"4966","2000-2001","Northwestern"
"4967","2000-2001","Northwestern State"
"4968","2000-2001","Notre Dame"
"4969","2000-2001","Oakland"
"4970","2000-2001","Ohio"
"4971","2000-2001","Ohio State"
"4972","2000-2001","Oklahoma"
"4973","2000-2001","Oklahoma State"
"4974","2000-2001","Old Dominion"
"4975","2000-2001","Oral Roberts"
"4976","2000-2001","Oregon"
"4977","2000-2001","Oregon State"
"4978","2000-2001","Pacific"
"4979","2000-2001","Penn State"
"4980","2000-2001","Pennsylvania"
"4981","2000-2001","Pepperdine"
"4982","2000-2001","Pittsburgh"
"4983","2000-2001","Portland"
"4984","2000-2001","Portland State"
"4985","2000-2001","Prairie View"
"4986","2000-2001","Princeton"
"4987","2000-2001","Providence"
"4988","2000-2001","Purdue"
"4989","2000-2001","Quinnipiac"
"4990","2000-2001","Radford"
"4991","2000-2001","Rhode Island"
"4992","2000-2001","Rice"
"4993","2000-2001","Richmond"
"4994","2000-2001","Rider"
"4995","2000-2001","Robert Morris"
"4996","2000-2001","Rutgers"
"4997","2000-2001","Sacramento State"
"4998","2000-2001","Sacred Heart"
"4999","2000-2001","Saint Francis (PA)"
"5000","2000-2001","Saint Joseph's"
"5001","2000-2001","Saint Louis"
"5002","2000-2001","Saint Mary's (CA)"
"5003","2000-2001","Saint Peter's"
"5004","2000-2001","Sam Houston State"
"5005","2000-2001","Samford"
"5006","2000-2001","San Diego"
"5007","2000-2001","San Diego State"
"5008","2000-2001","San Francisco"
"5009","2000-2001","San Jose State"
"5010","2000-2001","Santa Clara"
"5011","2000-2001","Seton Hall"
"5012","2000-2001","Siena"
"5013","2000-2001","South Alabama"
"5014","2000-2001","South Carolina"
"5015","2000-2001","South Carolina State"
"5016","2000-2001","South Florida"
"5017","2000-2001","Southeast Missouri State"
"5018","2000-2001","Southeastern Louisiana"
"5019","2000-2001","Southern"
"5020","2000-2001","Southern California"
"5021","2000-2001","Southern Illinois"
"5022","2000-2001","Southern Methodist"
"5023","2000-2001","Southern Mississippi"
"5024","2000-2001","Southern Utah"
"5025","2000-2001","St. Bonaventure"
"5026","2000-2001","St. Francis (NY)"
"5027","2000-2001","St. John's (NY)"
"5028","2000-2001","Stanford"
"5029","2000-2001","Stephen F. Austin"
"5030","2000-2001","Stetson"
"5031","2000-2001","Stony Brook"
"5032","2000-2001","Syracuse"
"5033","2000-2001","Temple"
"5034","2000-2001","Tennessee"
"5035","2000-2001","Tennessee-Martin"
"5036","2000-2001","Tennessee State"
"5037","2000-2001","Tennessee Tech"
"5038","2000-2001","Texas"
"5039","2000-2001","Texas-Arlington"
"5040","2000-2001","Texas-El Paso"
"5041","2000-2001","Texas-Rio Grande Valley"
"5042","2000-2001","Texas-San Antonio"
"5043","2000-2001","Texas A&M"
"5044","2000-2001","Texas Christian"
"5045","2000-2001","Texas Southern"
"5046","2000-2001","Texas State"
"5047","2000-2001","Texas Tech"
"5048","2000-2001","Toledo"
"5049","2000-2001","Towson"
"5050","2000-2001","Troy"
"5051","2000-2001","Tulane"
"5052","2000-2001","Tulsa"
"5053","2000-2001","UC-Irvine"
"5054","2000-2001","UC-Santa Barbara"
"5055","2000-2001","UCLA"
"5056","2000-2001","University of California"
"5057","2000-2001","Utah"
"5058","2000-2001","Utah State"
"5059","2000-2001","Valparaiso"
"5060","2000-2001","Vanderbilt"
"5061","2000-2001","Vermont"
"5062","2000-2001","Villanova"
"5063","2000-2001","Virginia"
"5064","2000-2001","Virginia Commonwealth"
"5065","2000-2001","Virginia Tech"
"5066","2000-2001","VMI"
"5067","2000-2001","Wagner"
"5068","2000-2001","Wake Forest"
"5069","2000-2001","Washington"
"5070","2000-2001","Washington State"
"5071","2000-2001","Weber State"
"5072","2000-2001","West Virginia"
"5073","2000-2001","Western Carolina"
"5074","2000-2001","Western Illinois"
"5075","2000-2001","Western Kentucky"
"5076","2000-2001","Western Michigan"
"5077","2000-2001","Wichita State"
"5078","2000-2001","William & Mary"
"5079","2000-2001","Winthrop"
"5080","2000-2001","Wisconsin"
"5081","2000-2001","Wofford"
"5082","2000-2001","Wright State"
"5083","2000-2001","Wyoming"
"5084","2000-2001","Xavier"
"5085","2000-2001","Yale"
"5086","2000-2001","Youngstown State"
"5087","2001-2002","Air Force"
"5088","2001-2002","Akron"
"5089","2001-2002","Alabama"
"5090","2001-2002","Alabama-Birmingham"
"5091","2001-2002","Alabama A&M"
"5092","2001-2002","Alabama State"
"5093","2001-2002","Albany (NY)"
"5094","2001-2002","Alcorn State"
"5095","2001-2002","American"
"5096","2001-2002","Appalachian State"
"5097","2001-2002","Arizona"
"5098","2001-2002","Arizona State"
"5099","2001-2002","Arkansas"
"5100","2001-2002","Arkansas-Pine Bluff"
"5101","2001-2002","Arkansas State"
"5102","2001-2002","Army"
"5103","2001-2002","Auburn"
"5104","2001-2002","Austin Peay"
"5105","2001-2002","Ball State"
"5106","2001-2002","Baylor"
"5107","2001-2002","Belmont"
"5108","2001-2002","Bethune-Cookman"
"5109","2001-2002","Binghamton"
"5110","2001-2002","Boise State"
"5111","2001-2002","Boston College"
"5112","2001-2002","Boston University"
"5113","2001-2002","Bowling Green State"
"5114","2001-2002","Bradley"
"5115","2001-2002","Brigham Young"
"5116","2001-2002","Brown"
"5117","2001-2002","Bucknell"
"5118","2001-2002","Buffalo"
"5119","2001-2002","Butler"
"5120","2001-2002","Cal Poly"
"5121","2001-2002","Cal State Fullerton"
"5122","2001-2002","Cal State Northridge"
"5123","2001-2002","Campbell"
"5124","2001-2002","Canisius"
"5125","2001-2002","Centenary (LA)"
"5126","2001-2002","Central Connecticut State"
"5127","2001-2002","Central Florida"
"5128","2001-2002","Central Michigan"
"5129","2001-2002","Charleston Southern"
"5130","2001-2002","Charlotte"
"5131","2001-2002","Chattanooga"
"5132","2001-2002","Chicago State"
"5133","2001-2002","Cincinnati"
"5134","2001-2002","Citadel"
"5135","2001-2002","Clemson"
"5136","2001-2002","Cleveland State"
"5137","2001-2002","Coastal Carolina"
"5138","2001-2002","Colgate"
"5139","2001-2002","College of Charleston"
"5140","2001-2002","Colorado"
"5141","2001-2002","Colorado State"
"5142","2001-2002","Columbia"
"5143","2001-2002","Connecticut"
"5144","2001-2002","Coppin State"
"5145","2001-2002","Cornell"
"5146","2001-2002","Creighton"
"5147","2001-2002","Dartmouth"
"5148","2001-2002","Davidson"
"5149","2001-2002","Dayton"
"5150","2001-2002","Delaware"
"5151","2001-2002","Delaware State"
"5152","2001-2002","Denver"
"5153","2001-2002","DePaul"
"5154","2001-2002","Detroit Mercy"
"5155","2001-2002","Drake"
"5156","2001-2002","Drexel"
"5157","2001-2002","Duke"
"5158","2001-2002","Duquesne"
"5159","2001-2002","East Carolina"
"5160","2001-2002","East Tennessee State"
"5161","2001-2002","Eastern Illinois"
"5162","2001-2002","Eastern Kentucky"
"5163","2001-2002","Eastern Michigan"
"5164","2001-2002","Eastern Washington"
"5165","2001-2002","Elon"
"5166","2001-2002","Evansville"
"5167","2001-2002","Fairfield"
"5168","2001-2002","Fairleigh Dickinson"
"5169","2001-2002","Florida"
"5170","2001-2002","Florida A&M"
"5171","2001-2002","Florida Atlantic"
"5172","2001-2002","Florida International"
"5173","2001-2002","Florida State"
"5174","2001-2002","Fordham"
"5175","2001-2002","Fresno State"
"5176","2001-2002","Furman"
"5177","2001-2002","George Mason"
"5178","2001-2002","George Washington"
"5179","2001-2002","Georgetown"
"5180","2001-2002","Georgia"
"5181","2001-2002","Georgia Southern"
"5182","2001-2002","Georgia State"
"5183","2001-2002","Georgia Tech"
"5184","2001-2002","Gonzaga"
"5185","2001-2002","Grambling"
"5186","2001-2002","Green Bay"
"5187","2001-2002","Hampton"
"5188","2001-2002","Hartford"
"5189","2001-2002","Harvard"
"5190","2001-2002","Hawaii"
"5191","2001-2002","High Point"
"5192","2001-2002","Hofstra"
"5193","2001-2002","Holy Cross"
"5194","2001-2002","Houston"
"5195","2001-2002","Howard"
"5196","2001-2002","Idaho"
"5197","2001-2002","Idaho State"
"5198","2001-2002","Illinois"
"5199","2001-2002","Illinois-Chicago"
"5200","2001-2002","Illinois State"
"5201","2001-2002","Indiana"
"5202","2001-2002","Indiana State"
"5203","2001-2002","Iona"
"5204","2001-2002","Iowa"
"5205","2001-2002","Iowa State"
"5206","2001-2002","IUPUI"
"5207","2001-2002","Jackson State"
"5208","2001-2002","Jacksonville"
"5209","2001-2002","Jacksonville State"
"5210","2001-2002","James Madison"
"5211","2001-2002","Kansas"
"5212","2001-2002","Kansas State"
"5213","2001-2002","Kent State"
"5214","2001-2002","Kentucky"
"5215","2001-2002","La Salle"
"5216","2001-2002","Lafayette"
"5217","2001-2002","Lamar"
"5218","2001-2002","Lehigh"
"5219","2001-2002","Liberty"
"5220","2001-2002","Little Rock"
"5221","2001-2002","Long Beach State"
"5222","2001-2002","Long Island University"
"5223","2001-2002","Louisiana"
"5224","2001-2002","Louisiana-Monroe"
"5225","2001-2002","Louisiana State"
"5226","2001-2002","Louisiana Tech"
"5227","2001-2002","Louisville"
"5228","2001-2002","Loyola (IL)"
"5229","2001-2002","Loyola (MD)"
"5230","2001-2002","Loyola Marymount"
"5231","2001-2002","Maine"
"5232","2001-2002","Manhattan"
"5233","2001-2002","Marist"
"5234","2001-2002","Marquette"
"5235","2001-2002","Marshall"
"5236","2001-2002","Maryland"
"5237","2001-2002","Maryland-Baltimore County"
"5238","2001-2002","Maryland-Eastern Shore"
"5239","2001-2002","Massachusetts"
"5240","2001-2002","McNeese State"
"5241","2001-2002","Memphis"
"5242","2001-2002","Mercer"
"5243","2001-2002","Miami (FL)"
"5244","2001-2002","Miami (OH)"
"5245","2001-2002","Michigan"
"5246","2001-2002","Michigan State"
"5247","2001-2002","Middle Tennessee"
"5248","2001-2002","Milwaukee"
"5249","2001-2002","Minnesota"
"5250","2001-2002","Mississippi"
"5251","2001-2002","Mississippi State"
"5252","2001-2002","Mississippi Valley State"
"5253","2001-2002","Missouri"
"5254","2001-2002","Missouri-Kansas City"
"5255","2001-2002","Missouri State"
"5256","2001-2002","Monmouth"
"5257","2001-2002","Montana"
"5258","2001-2002","Montana State"
"5259","2001-2002","Morehead State"
"5260","2001-2002","Morgan State"
"5261","2001-2002","Morris Brown"
"5262","2001-2002","Mount St. Mary's"
"5263","2001-2002","Murray State"
"5264","2001-2002","Navy"
"5265","2001-2002","Nebraska"
"5266","2001-2002","Nevada"
"5267","2001-2002","Nevada-Las Vegas"
"5268","2001-2002","New Hampshire"
"5269","2001-2002","New Mexico"
"5270","2001-2002","New Mexico State"
"5271","2001-2002","New Orleans"
"5272","2001-2002","Niagara"
"5273","2001-2002","Nicholls State"
"5274","2001-2002","Norfolk State"
"5275","2001-2002","North Carolina"
"5276","2001-2002","North Carolina-Asheville"
"5277","2001-2002","North Carolina-Greensboro"
"5278","2001-2002","North Carolina-Wilmington"
"5279","2001-2002","North Carolina A&T"
"5280","2001-2002","North Carolina State"
"5281","2001-2002","North Texas"
"5282","2001-2002","Northeastern"
"5283","2001-2002","Northern Arizona"
"5284","2001-2002","Northern Illinois"
"5285","2001-2002","Northern Iowa"
"5286","2001-2002","Northwestern"
"5287","2001-2002","Northwestern State"
"5288","2001-2002","Notre Dame"
"5289","2001-2002","Oakland"
"5290","2001-2002","Ohio"
"5291","2001-2002","Ohio State"
"5292","2001-2002","Oklahoma"
"5293","2001-2002","Oklahoma State"
"5294","2001-2002","Old Dominion"
"5295","2001-2002","Oral Roberts"
"5296","2001-2002","Oregon"
"5297","2001-2002","Oregon State"
"5298","2001-2002","Pacific"
"5299","2001-2002","Penn State"
"5300","2001-2002","Pennsylvania"
"5301","2001-2002","Pepperdine"
"5302","2001-2002","Pittsburgh"
"5303","2001-2002","Portland"
"5304","2001-2002","Portland State"
"5305","2001-2002","Prairie View"
"5306","2001-2002","Princeton"
"5307","2001-2002","Providence"
"5308","2001-2002","Purdue"
"5309","2001-2002","Quinnipiac"
"5310","2001-2002","Radford"
"5311","2001-2002","Rhode Island"
"5312","2001-2002","Rice"
"5313","2001-2002","Richmond"
"5314","2001-2002","Rider"
"5315","2001-2002","Robert Morris"
"5316","2001-2002","Rutgers"
"5317","2001-2002","Sacramento State"
"5318","2001-2002","Sacred Heart"
"5319","2001-2002","Saint Francis (PA)"
"5320","2001-2002","Saint Joseph's"
"5321","2001-2002","Saint Louis"
"5322","2001-2002","Saint Mary's (CA)"
"5323","2001-2002","Saint Peter's"
"5324","2001-2002","Sam Houston State"
"5325","2001-2002","Samford"
"5326","2001-2002","San Diego"
"5327","2001-2002","San Diego State"
"5328","2001-2002","San Francisco"
"5329","2001-2002","San Jose State"
"5330","2001-2002","Santa Clara"
"5331","2001-2002","Seton Hall"
"5332","2001-2002","Siena"
"5333","2001-2002","South Alabama"
"5334","2001-2002","South Carolina"
"5335","2001-2002","South Carolina State"
"5336","2001-2002","South Florida"
"5337","2001-2002","Southeast Missouri State"
"5338","2001-2002","Southeastern Louisiana"
"5339","2001-2002","Southern"
"5340","2001-2002","Southern California"
"5341","2001-2002","Southern Illinois"
"5342","2001-2002","Southern Methodist"
"5343","2001-2002","Southern Mississippi"
"5344","2001-2002","Southern Utah"
"5345","2001-2002","St. Bonaventure"
"5346","2001-2002","St. Francis (NY)"
"5347","2001-2002","St. John's (NY)"
"5348","2001-2002","Stanford"
"5349","2001-2002","Stephen F. Austin"
"5350","2001-2002","Stetson"
"5351","2001-2002","Stony Brook"
"5352","2001-2002","Syracuse"
"5353","2001-2002","Temple"
"5354","2001-2002","Tennessee"
"5355","2001-2002","Tennessee-Martin"
"5356","2001-2002","Tennessee State"
"5357","2001-2002","Tennessee Tech"
"5358","2001-2002","Texas"
"5359","2001-2002","Texas-Arlington"
"5360","2001-2002","Texas-El Paso"
"5361","2001-2002","Texas-Rio Grande Valley"
"5362","2001-2002","Texas-San Antonio"
"5363","2001-2002","Texas A&M"
"5364","2001-2002","Texas Christian"
"5365","2001-2002","Texas Southern"
"5366","2001-2002","Texas State"
"5367","2001-2002","Texas Tech"
"5368","2001-2002","Toledo"
"5369","2001-2002","Towson"
"5370","2001-2002","Troy"
"5371","2001-2002","Tulane"
"5372","2001-2002","Tulsa"
"5373","2001-2002","UC-Irvine"
"5374","2001-2002","UC-Riverside"
"5375","2001-2002","UC-Santa Barbara"
"5376","2001-2002","UCLA"
"5377","2001-2002","University of California"
"5378","2001-2002","Utah"
"5379","2001-2002","Utah State"
"5380","2001-2002","Valparaiso"
"5381","2001-2002","Vanderbilt"
"5382","2001-2002","Vermont"
"5383","2001-2002","Villanova"
"5384","2001-2002","Virginia"
"5385","2001-2002","Virginia Commonwealth"
"5386","2001-2002","Virginia Tech"
"5387","2001-2002","VMI"
"5388","2001-2002","Wagner"
"5389","2001-2002","Wake Forest"
"5390","2001-2002","Washington"
"5391","2001-2002","Washington State"
"5392","2001-2002","Weber State"
"5393","2001-2002","West Virginia"
"5394","2001-2002","Western Carolina"
"5395","2001-2002","Western Illinois"
"5396","2001-2002","Western Kentucky"
"5397","2001-2002","Western Michigan"
"5398","2001-2002","Wichita State"
"5399","2001-2002","William & Mary"
"5400","2001-2002","Winthrop"
"5401","2001-2002","Wisconsin"
"5402","2001-2002","Wofford"
"5403","2001-2002","Wright State"
"5404","2001-2002","Wyoming"
"5405","2001-2002","Xavier"
"5406","2001-2002","Yale"
"5407","2001-2002","Youngstown State"
"5408","2002-2003","Air Force"
"5409","2002-2003","Akron"
"5410","2002-2003","Alabama"
"5411","2002-2003","Alabama-Birmingham"
"5412","2002-2003","Alabama A&M"
"5413","2002-2003","Alabama State"
"5414","2002-2003","Albany (NY)"
"5415","2002-2003","Alcorn State"
"5416","2002-2003","American"
"5417","2002-2003","Appalachian State"
"5418","2002-2003","Arizona"
"5419","2002-2003","Arizona State"
"5420","2002-2003","Arkansas"
"5421","2002-2003","Arkansas-Pine Bluff"
"5422","2002-2003","Arkansas State"
"5423","2002-2003","Army"
"5424","2002-2003","Auburn"
"5425","2002-2003","Austin Peay"
"5426","2002-2003","Ball State"
"5427","2002-2003","Baylor"
"5428","2002-2003","Belmont"
"5429","2002-2003","Bethune-Cookman"
"5430","2002-2003","Binghamton"
"5431","2002-2003","Boise State"
"5432","2002-2003","Boston College"
"5433","2002-2003","Boston University"
"5434","2002-2003","Bowling Green State"
"5435","2002-2003","Bradley"
"5436","2002-2003","Brigham Young"
"5437","2002-2003","Brown"
"5438","2002-2003","Bucknell"
"5439","2002-2003","Buffalo"
"5440","2002-2003","Butler"
"5441","2002-2003","Cal Poly"
"5442","2002-2003","Cal State Fullerton"
"5443","2002-2003","Cal State Northridge"
"5444","2002-2003","Campbell"
"5445","2002-2003","Canisius"
"5446","2002-2003","Centenary (LA)"
"5447","2002-2003","Central Connecticut State"
"5448","2002-2003","Central Florida"
"5449","2002-2003","Central Michigan"
"5450","2002-2003","Charleston Southern"
"5451","2002-2003","Charlotte"
"5452","2002-2003","Chattanooga"
"5453","2002-2003","Chicago State"
"5454","2002-2003","Cincinnati"
"5455","2002-2003","Citadel"
"5456","2002-2003","Clemson"
"5457","2002-2003","Cleveland State"
"5458","2002-2003","Coastal Carolina"
"5459","2002-2003","Colgate"
"5460","2002-2003","College of Charleston"
"5461","2002-2003","Colorado"
"5462","2002-2003","Colorado State"
"5463","2002-2003","Columbia"
"5464","2002-2003","Connecticut"
"5465","2002-2003","Coppin State"
"5466","2002-2003","Cornell"
"5467","2002-2003","Creighton"
"5468","2002-2003","Dartmouth"
"5469","2002-2003","Davidson"
"5470","2002-2003","Dayton"
"5471","2002-2003","Delaware"
"5472","2002-2003","Delaware State"
"5473","2002-2003","Denver"
"5474","2002-2003","DePaul"
"5475","2002-2003","Detroit Mercy"
"5476","2002-2003","Drake"
"5477","2002-2003","Drexel"
"5478","2002-2003","Duke"
"5479","2002-2003","Duquesne"
"5480","2002-2003","East Carolina"
"5481","2002-2003","East Tennessee State"
"5482","2002-2003","Eastern Illinois"
"5483","2002-2003","Eastern Kentucky"
"5484","2002-2003","Eastern Michigan"
"5485","2002-2003","Eastern Washington"
"5486","2002-2003","Elon"
"5487","2002-2003","Evansville"
"5488","2002-2003","Fairfield"
"5489","2002-2003","Fairleigh Dickinson"
"5490","2002-2003","Florida"
"5491","2002-2003","Florida A&M"
"5492","2002-2003","Florida Atlantic"
"5493","2002-2003","Florida International"
"5494","2002-2003","Florida State"
"5495","2002-2003","Fordham"
"5496","2002-2003","Fort Wayne"
"5497","2002-2003","Fresno State"
"5498","2002-2003","Furman"
"5499","2002-2003","Gardner-Webb"
"5500","2002-2003","George Mason"
"5501","2002-2003","George Washington"
"5502","2002-2003","Georgetown"
"5503","2002-2003","Georgia"
"5504","2002-2003","Georgia Southern"
"5505","2002-2003","Georgia State"
"5506","2002-2003","Georgia Tech"
"5507","2002-2003","Gonzaga"
"5508","2002-2003","Grambling"
"5509","2002-2003","Green Bay"
"5510","2002-2003","Hampton"
"5511","2002-2003","Hartford"
"5512","2002-2003","Harvard"
"5513","2002-2003","Hawaii"
"5514","2002-2003","High Point"
"5515","2002-2003","Hofstra"
"5516","2002-2003","Holy Cross"
"5517","2002-2003","Houston"
"5518","2002-2003","Howard"
"5519","2002-2003","Idaho"
"5520","2002-2003","Idaho State"
"5521","2002-2003","Illinois"
"5522","2002-2003","Illinois-Chicago"
"5523","2002-2003","Illinois State"
"5524","2002-2003","Indiana"
"5525","2002-2003","Indiana State"
"5526","2002-2003","Iona"
"5527","2002-2003","Iowa"
"5528","2002-2003","Iowa State"
"5529","2002-2003","IUPUI"
"5530","2002-2003","Jackson State"
"5531","2002-2003","Jacksonville"
"5532","2002-2003","Jacksonville State"
"5533","2002-2003","James Madison"
"5534","2002-2003","Kansas"
"5535","2002-2003","Kansas State"
"5536","2002-2003","Kent State"
"5537","2002-2003","Kentucky"
"5538","2002-2003","La Salle"
"5539","2002-2003","Lafayette"
"5540","2002-2003","Lamar"
"5541","2002-2003","Lehigh"
"5542","2002-2003","Liberty"
"5543","2002-2003","Little Rock"
"5544","2002-2003","Long Beach State"
"5545","2002-2003","Long Island University"
"5546","2002-2003","Louisiana"
"5547","2002-2003","Louisiana-Monroe"
"5548","2002-2003","Louisiana State"
"5549","2002-2003","Louisiana Tech"
"5550","2002-2003","Louisville"
"5551","2002-2003","Loyola (IL)"
"5552","2002-2003","Loyola (MD)"
"5553","2002-2003","Loyola Marymount"
"5554","2002-2003","Maine"
"5555","2002-2003","Manhattan"
"5556","2002-2003","Marist"
"5557","2002-2003","Marquette"
"5558","2002-2003","Marshall"
"5559","2002-2003","Maryland"
"5560","2002-2003","Maryland-Baltimore County"
"5561","2002-2003","Maryland-Eastern Shore"
"5562","2002-2003","Massachusetts"
"5563","2002-2003","McNeese State"
"5564","2002-2003","Memphis"
"5565","2002-2003","Mercer"
"5566","2002-2003","Miami (FL)"
"5567","2002-2003","Miami (OH)"
"5568","2002-2003","Michigan"
"5569","2002-2003","Michigan State"
"5570","2002-2003","Middle Tennessee"
"5571","2002-2003","Milwaukee"
"5572","2002-2003","Minnesota"
"5573","2002-2003","Mississippi"
"5574","2002-2003","Mississippi State"
"5575","2002-2003","Mississippi Valley State"
"5576","2002-2003","Missouri"
"5577","2002-2003","Missouri-Kansas City"
"5578","2002-2003","Missouri State"
"5579","2002-2003","Monmouth"
"5580","2002-2003","Montana"
"5581","2002-2003","Montana State"
"5582","2002-2003","Morehead State"
"5583","2002-2003","Morgan State"
"5584","2002-2003","Morris Brown"
"5585","2002-2003","Mount St. Mary's"
"5586","2002-2003","Murray State"
"5587","2002-2003","Navy"
"5588","2002-2003","Nebraska"
"5589","2002-2003","Nevada"
"5590","2002-2003","Nevada-Las Vegas"
"5591","2002-2003","New Hampshire"
"5592","2002-2003","New Mexico"
"5593","2002-2003","New Mexico State"
"5594","2002-2003","New Orleans"
"5595","2002-2003","Niagara"
"5596","2002-2003","Nicholls State"
"5597","2002-2003","Norfolk State"
"5598","2002-2003","North Carolina"
"5599","2002-2003","North Carolina-Asheville"
"5600","2002-2003","North Carolina-Greensboro"
"5601","2002-2003","North Carolina-Wilmington"
"5602","2002-2003","North Carolina A&T"
"5603","2002-2003","North Carolina State"
"5604","2002-2003","North Texas"
"5605","2002-2003","Northeastern"
"5606","2002-2003","Northern Arizona"
"5607","2002-2003","Northern Illinois"
"5608","2002-2003","Northern Iowa"
"5609","2002-2003","Northwestern"
"5610","2002-2003","Northwestern State"
"5611","2002-2003","Notre Dame"
"5612","2002-2003","Oakland"
"5613","2002-2003","Ohio"
"5614","2002-2003","Ohio State"
"5615","2002-2003","Oklahoma"
"5616","2002-2003","Oklahoma State"
"5617","2002-2003","Old Dominion"
"5618","2002-2003","Oral Roberts"
"5619","2002-2003","Oregon"
"5620","2002-2003","Oregon State"
"5621","2002-2003","Pacific"
"5622","2002-2003","Penn State"
"5623","2002-2003","Pennsylvania"
"5624","2002-2003","Pepperdine"
"5625","2002-2003","Pittsburgh"
"5626","2002-2003","Portland"
"5627","2002-2003","Portland State"
"5628","2002-2003","Prairie View"
"5629","2002-2003","Princeton"
"5630","2002-2003","Providence"
"5631","2002-2003","Purdue"
"5632","2002-2003","Quinnipiac"
"5633","2002-2003","Radford"
"5634","2002-2003","Rhode Island"
"5635","2002-2003","Rice"
"5636","2002-2003","Richmond"
"5637","2002-2003","Rider"
"5638","2002-2003","Robert Morris"
"5639","2002-2003","Rutgers"
"5640","2002-2003","Sacramento State"
"5641","2002-2003","Sacred Heart"
"5642","2002-2003","Saint Francis (PA)"
"5643","2002-2003","Saint Joseph's"
"5644","2002-2003","Saint Louis"
"5645","2002-2003","Saint Mary's (CA)"
"5646","2002-2003","Saint Peter's"
"5647","2002-2003","Sam Houston State"
"5648","2002-2003","Samford"
"5649","2002-2003","San Diego"
"5650","2002-2003","San Diego State"
"5651","2002-2003","San Francisco"
"5652","2002-2003","San Jose State"
"5653","2002-2003","Santa Clara"
"5654","2002-2003","Savannah State"
"5655","2002-2003","Seton Hall"
"5656","2002-2003","Siena"
"5657","2002-2003","South Alabama"
"5658","2002-2003","South Carolina"
"5659","2002-2003","South Carolina State"
"5660","2002-2003","South Florida"
"5661","2002-2003","Southeast Missouri State"
"5662","2002-2003","Southeastern Louisiana"
"5663","2002-2003","Southern"
"5664","2002-2003","Southern California"
"5665","2002-2003","Southern Illinois"
"5666","2002-2003","Southern Methodist"
"5667","2002-2003","Southern Mississippi"
"5668","2002-2003","Southern Utah"
"5669","2002-2003","St. Bonaventure"
"5670","2002-2003","St. Francis (NY)"
"5671","2002-2003","St. John's (NY)"
"5672","2002-2003","Stanford"
"5673","2002-2003","Stephen F. Austin"
"5674","2002-2003","Stetson"
"5675","2002-2003","Stony Brook"
"5676","2002-2003","Syracuse"
"5677","2002-2003","Temple"
"5678","2002-2003","Tennessee"
"5679","2002-2003","Tennessee-Martin"
"5680","2002-2003","Tennessee State"
"5681","2002-2003","Tennessee Tech"
"5682","2002-2003","Texas"
"5683","2002-2003","Texas-Arlington"
"5684","2002-2003","Texas-El Paso"
"5685","2002-2003","Texas-Rio Grande Valley"
"5686","2002-2003","Texas-San Antonio"
"5687","2002-2003","Texas A&M"
"5688","2002-2003","Texas A&M-Corpus Christi"
"5689","2002-2003","Texas Christian"
"5690","2002-2003","Texas Southern"
"5691","2002-2003","Texas State"
"5692","2002-2003","Texas Tech"
"5693","2002-2003","Toledo"
"5694","2002-2003","Towson"
"5695","2002-2003","Troy"
"5696","2002-2003","Tulane"
"5697","2002-2003","Tulsa"
"5698","2002-2003","UC-Irvine"
"5699","2002-2003","UC-Riverside"
"5700","2002-2003","UC-Santa Barbara"
"5701","2002-2003","UCLA"
"5702","2002-2003","University of California"
"5703","2002-2003","Utah"
"5704","2002-2003","Utah State"
"5705","2002-2003","Valparaiso"
"5706","2002-2003","Vanderbilt"
"5707","2002-2003","Vermont"
"5708","2002-2003","Villanova"
"5709","2002-2003","Virginia"
"5710","2002-2003","Virginia Commonwealth"
"5711","2002-2003","Virginia Tech"
"5712","2002-2003","VMI"
"5713","2002-2003","Wagner"
"5714","2002-2003","Wake Forest"
"5715","2002-2003","Washington"
"5716","2002-2003","Washington State"
"5717","2002-2003","Weber State"
"5718","2002-2003","West Virginia"
"5719","2002-2003","Western Carolina"
"5720","2002-2003","Western Illinois"
"5721","2002-2003","Western Kentucky"
"5722","2002-2003","Western Michigan"
"5723","2002-2003","Wichita State"
"5724","2002-2003","William & Mary"
"5725","2002-2003","Winthrop"
"5726","2002-2003","Wisconsin"
"5727","2002-2003","Wofford"
"5728","2002-2003","Wright State"
"5729","2002-2003","Wyoming"
"5730","2002-2003","Xavier"
"5731","2002-2003","Yale"
"5732","2002-2003","Youngstown State"
"5733","2003-2004","Air Force"
"5734","2003-2004","Akron"
"5735","2003-2004","Alabama"
"5736","2003-2004","Alabama-Birmingham"
"5737","2003-2004","Alabama A&M"
"5738","2003-2004","Alabama State"
"5739","2003-2004","Albany (NY)"
"5740","2003-2004","Alcorn State"
"5741","2003-2004","American"
"5742","2003-2004","Appalachian State"
"5743","2003-2004","Arizona"
"5744","2003-2004","Arizona State"
"5745","2003-2004","Arkansas"
"5746","2003-2004","Arkansas-Pine Bluff"
"5747","2003-2004","Arkansas State"
"5748","2003-2004","Army"
"5749","2003-2004","Auburn"
"5750","2003-2004","Austin Peay"
"5751","2003-2004","Ball State"
"5752","2003-2004","Baylor"
"5753","2003-2004","Belmont"
"5754","2003-2004","Bethune-Cookman"
"5755","2003-2004","Binghamton"
"5756","2003-2004","Birmingham-Southern"
"5757","2003-2004","Boise State"
"5758","2003-2004","Boston College"
"5759","2003-2004","Boston University"
"5760","2003-2004","Bowling Green State"
"5761","2003-2004","Bradley"
"5762","2003-2004","Brigham Young"
"5763","2003-2004","Brown"
"5764","2003-2004","Bucknell"
"5765","2003-2004","Buffalo"
"5766","2003-2004","Butler"
"5767","2003-2004","Cal Poly"
"5768","2003-2004","Cal State Fullerton"
"5769","2003-2004","Cal State Northridge"
"5770","2003-2004","Campbell"
"5771","2003-2004","Canisius"
"5772","2003-2004","Centenary (LA)"
"5773","2003-2004","Central Connecticut State"
"5774","2003-2004","Central Florida"
"5775","2003-2004","Central Michigan"
"5776","2003-2004","Charleston Southern"
"5777","2003-2004","Charlotte"
"5778","2003-2004","Chattanooga"
"5779","2003-2004","Chicago State"
"5780","2003-2004","Cincinnati"
"5781","2003-2004","Citadel"
"5782","2003-2004","Clemson"
"5783","2003-2004","Cleveland State"
"5784","2003-2004","Coastal Carolina"
"5785","2003-2004","Colgate"
"5786","2003-2004","College of Charleston"
"5787","2003-2004","Colorado"
"5788","2003-2004","Colorado State"
"5789","2003-2004","Columbia"
"5790","2003-2004","Connecticut"
"5791","2003-2004","Coppin State"
"5792","2003-2004","Cornell"
"5793","2003-2004","Creighton"
"5794","2003-2004","Dartmouth"
"5795","2003-2004","Davidson"
"5796","2003-2004","Dayton"
"5797","2003-2004","Delaware"
"5798","2003-2004","Delaware State"
"5799","2003-2004","Denver"
"5800","2003-2004","DePaul"
"5801","2003-2004","Detroit Mercy"
"5802","2003-2004","Drake"
"5803","2003-2004","Drexel"
"5804","2003-2004","Duke"
"5805","2003-2004","Duquesne"
"5806","2003-2004","East Carolina"
"5807","2003-2004","East Tennessee State"
"5808","2003-2004","Eastern Illinois"
"5809","2003-2004","Eastern Kentucky"
"5810","2003-2004","Eastern Michigan"
"5811","2003-2004","Eastern Washington"
"5812","2003-2004","Elon"
"5813","2003-2004","Evansville"
"5814","2003-2004","Fairfield"
"5815","2003-2004","Fairleigh Dickinson"
"5816","2003-2004","Florida"
"5817","2003-2004","Florida A&M"
"5818","2003-2004","Florida Atlantic"
"5819","2003-2004","Florida International"
"5820","2003-2004","Florida State"
"5821","2003-2004","Fordham"
"5822","2003-2004","Fort Wayne"
"5823","2003-2004","Fresno State"
"5824","2003-2004","Furman"
"5825","2003-2004","Gardner-Webb"
"5826","2003-2004","George Mason"
"5827","2003-2004","George Washington"
"5828","2003-2004","Georgetown"
"5829","2003-2004","Georgia"
"5830","2003-2004","Georgia Southern"
"5831","2003-2004","Georgia State"
"5832","2003-2004","Georgia Tech"
"5833","2003-2004","Gonzaga"
"5834","2003-2004","Grambling"
"5835","2003-2004","Green Bay"
"5836","2003-2004","Hampton"
"5837","2003-2004","Hartford"
"5838","2003-2004","Harvard"
"5839","2003-2004","Hawaii"
"5840","2003-2004","High Point"
"5841","2003-2004","Hofstra"
"5842","2003-2004","Holy Cross"
"5843","2003-2004","Houston"
"5844","2003-2004","Howard"
"5845","2003-2004","Idaho"
"5846","2003-2004","Idaho State"
"5847","2003-2004","Illinois"
"5848","2003-2004","Illinois-Chicago"
"5849","2003-2004","Illinois State"
"5850","2003-2004","Indiana"
"5851","2003-2004","Indiana State"
"5852","2003-2004","Iona"
"5853","2003-2004","Iowa"
"5854","2003-2004","Iowa State"
"5855","2003-2004","IUPUI"
"5856","2003-2004","Jackson State"
"5857","2003-2004","Jacksonville"
"5858","2003-2004","Jacksonville State"
"5859","2003-2004","James Madison"
"5860","2003-2004","Kansas"
"5861","2003-2004","Kansas State"
"5862","2003-2004","Kent State"
"5863","2003-2004","Kentucky"
"5864","2003-2004","La Salle"
"5865","2003-2004","Lafayette"
"5866","2003-2004","Lamar"
"5867","2003-2004","Lehigh"
"5868","2003-2004","Liberty"
"5869","2003-2004","Lipscomb"
"5870","2003-2004","Little Rock"
"5871","2003-2004","Long Beach State"
"5872","2003-2004","Long Island University"
"5873","2003-2004","Louisiana"
"5874","2003-2004","Louisiana-Monroe"
"5875","2003-2004","Louisiana State"
"5876","2003-2004","Louisiana Tech"
"5877","2003-2004","Louisville"
"5878","2003-2004","Loyola (IL)"
"5879","2003-2004","Loyola (MD)"
"5880","2003-2004","Loyola Marymount"
"5881","2003-2004","Maine"
"5882","2003-2004","Manhattan"
"5883","2003-2004","Marist"
"5884","2003-2004","Marquette"
"5885","2003-2004","Marshall"
"5886","2003-2004","Maryland"
"5887","2003-2004","Maryland-Baltimore County"
"5888","2003-2004","Maryland-Eastern Shore"
"5889","2003-2004","Massachusetts"
"5890","2003-2004","McNeese State"
"5891","2003-2004","Memphis"
"5892","2003-2004","Mercer"
"5893","2003-2004","Miami (FL)"
"5894","2003-2004","Miami (OH)"
"5895","2003-2004","Michigan"
"5896","2003-2004","Michigan State"
"5897","2003-2004","Middle Tennessee"
"5898","2003-2004","Milwaukee"
"5899","2003-2004","Minnesota"
"5900","2003-2004","Mississippi"
"5901","2003-2004","Mississippi State"
"5902","2003-2004","Mississippi Valley State"
"5903","2003-2004","Missouri"
"5904","2003-2004","Missouri-Kansas City"
"5905","2003-2004","Missouri State"
"5906","2003-2004","Monmouth"
"5907","2003-2004","Montana"
"5908","2003-2004","Montana State"
"5909","2003-2004","Morehead State"
"5910","2003-2004","Morgan State"
"5911","2003-2004","Mount St. Mary's"
"5912","2003-2004","Murray State"
"5913","2003-2004","Navy"
"5914","2003-2004","Nebraska"
"5915","2003-2004","Nevada"
"5916","2003-2004","Nevada-Las Vegas"
"5917","2003-2004","New Hampshire"
"5918","2003-2004","New Mexico"
"5919","2003-2004","New Mexico State"
"5920","2003-2004","New Orleans"
"5921","2003-2004","Niagara"
"5922","2003-2004","Nicholls State"
"5923","2003-2004","Norfolk State"
"5924","2003-2004","North Carolina"
"5925","2003-2004","North Carolina-Asheville"
"5926","2003-2004","North Carolina-Greensboro"
"5927","2003-2004","North Carolina-Wilmington"
"5928","2003-2004","North Carolina A&T"
"5929","2003-2004","North Carolina State"
"5930","2003-2004","North Texas"
"5931","2003-2004","Northeastern"
"5932","2003-2004","Northern Arizona"
"5933","2003-2004","Northern Illinois"
"5934","2003-2004","Northern Iowa"
"5935","2003-2004","Northwestern"
"5936","2003-2004","Northwestern State"
"5937","2003-2004","Notre Dame"
"5938","2003-2004","Oakland"
"5939","2003-2004","Ohio"
"5940","2003-2004","Ohio State"
"5941","2003-2004","Oklahoma"
"5942","2003-2004","Oklahoma State"
"5943","2003-2004","Old Dominion"
"5944","2003-2004","Oral Roberts"
"5945","2003-2004","Oregon"
"5946","2003-2004","Oregon State"
"5947","2003-2004","Pacific"
"5948","2003-2004","Penn State"
"5949","2003-2004","Pennsylvania"
"5950","2003-2004","Pepperdine"
"5951","2003-2004","Pittsburgh"
"5952","2003-2004","Portland"
"5953","2003-2004","Portland State"
"5954","2003-2004","Prairie View"
"5955","2003-2004","Princeton"
"5956","2003-2004","Providence"
"5957","2003-2004","Purdue"
"5958","2003-2004","Quinnipiac"
"5959","2003-2004","Radford"
"5960","2003-2004","Rhode Island"
"5961","2003-2004","Rice"
"5962","2003-2004","Richmond"
"5963","2003-2004","Rider"
"5964","2003-2004","Robert Morris"
"5965","2003-2004","Rutgers"
"5966","2003-2004","Sacramento State"
"5967","2003-2004","Sacred Heart"
"5968","2003-2004","Saint Francis (PA)"
"5969","2003-2004","Saint Joseph's"
"5970","2003-2004","Saint Louis"
"5971","2003-2004","Saint Mary's (CA)"
"5972","2003-2004","Saint Peter's"
"5973","2003-2004","Sam Houston State"
"5974","2003-2004","Samford"
"5975","2003-2004","San Diego"
"5976","2003-2004","San Diego State"
"5977","2003-2004","San Francisco"
"5978","2003-2004","San Jose State"
"5979","2003-2004","Santa Clara"
"5980","2003-2004","Savannah State"
"5981","2003-2004","Seton Hall"
"5982","2003-2004","Siena"
"5983","2003-2004","South Alabama"
"5984","2003-2004","South Carolina"
"5985","2003-2004","South Carolina State"
"5986","2003-2004","South Florida"
"5987","2003-2004","Southeast Missouri State"
"5988","2003-2004","Southeastern Louisiana"
"5989","2003-2004","Southern"
"5990","2003-2004","Southern California"
"5991","2003-2004","Southern Illinois"
"5992","2003-2004","Southern Methodist"
"5993","2003-2004","Southern Mississippi"
"5994","2003-2004","Southern Utah"
"5995","2003-2004","St. Bonaventure"
"5996","2003-2004","St. Francis (NY)"
"5997","2003-2004","St. John's (NY)"
"5998","2003-2004","Stanford"
"5999","2003-2004","Stephen F. Austin"
"6000","2003-2004","Stetson"
"6001","2003-2004","Stony Brook"
"6002","2003-2004","Syracuse"
"6003","2003-2004","Temple"
"6004","2003-2004","Tennessee"
"6005","2003-2004","Tennessee-Martin"
"6006","2003-2004","Tennessee State"
"6007","2003-2004","Tennessee Tech"
"6008","2003-2004","Texas"
"6009","2003-2004","Texas-Arlington"
"6010","2003-2004","Texas-El Paso"
"6011","2003-2004","Texas-Rio Grande Valley"
"6012","2003-2004","Texas-San Antonio"
"6013","2003-2004","Texas A&M"
"6014","2003-2004","Texas A&M-Corpus Christi"
"6015","2003-2004","Texas Christian"
"6016","2003-2004","Texas Southern"
"6017","2003-2004","Texas State"
"6018","2003-2004","Texas Tech"
"6019","2003-2004","Toledo"
"6020","2003-2004","Towson"
"6021","2003-2004","Troy"
"6022","2003-2004","Tulane"
"6023","2003-2004","Tulsa"
"6024","2003-2004","UC-Irvine"
"6025","2003-2004","UC-Riverside"
"6026","2003-2004","UC-Santa Barbara"
"6027","2003-2004","UCLA"
"6028","2003-2004","University of California"
"6029","2003-2004","Utah"
"6030","2003-2004","Utah State"
"6031","2003-2004","Valparaiso"
"6032","2003-2004","Vanderbilt"
"6033","2003-2004","Vermont"
"6034","2003-2004","Villanova"
"6035","2003-2004","Virginia"
"6036","2003-2004","Virginia Commonwealth"
"6037","2003-2004","Virginia Tech"
"6038","2003-2004","VMI"
"6039","2003-2004","Wagner"
"6040","2003-2004","Wake Forest"
"6041","2003-2004","Washington"
"6042","2003-2004","Washington State"
"6043","2003-2004","Weber State"
"6044","2003-2004","West Virginia"
"6045","2003-2004","Western Carolina"
"6046","2003-2004","Western Illinois"
"6047","2003-2004","Western Kentucky"
"6048","2003-2004","Western Michigan"
"6049","2003-2004","Wichita State"
"6050","2003-2004","William & Mary"
"6051","2003-2004","Winthrop"
"6052","2003-2004","Wisconsin"
"6053","2003-2004","Wofford"
"6054","2003-2004","Wright State"
"6055","2003-2004","Wyoming"
"6056","2003-2004","Xavier"
"6057","2003-2004","Yale"
"6058","2003-2004","Youngstown State"
"6059","2004-2005","Air Force"
"6060","2004-2005","Akron"
"6061","2004-2005","Alabama"
"6062","2004-2005","Alabama-Birmingham"
"6063","2004-2005","Alabama A&M"
"6064","2004-2005","Alabama State"
"6065","2004-2005","Albany (NY)"
"6066","2004-2005","Alcorn State"
"6067","2004-2005","American"
"6068","2004-2005","Appalachian State"
"6069","2004-2005","Arizona"
"6070","2004-2005","Arizona State"
"6071","2004-2005","Arkansas"
"6072","2004-2005","Arkansas-Pine Bluff"
"6073","2004-2005","Arkansas State"
"6074","2004-2005","Army"
"6075","2004-2005","Auburn"
"6076","2004-2005","Austin Peay"
"6077","2004-2005","Ball State"
"6078","2004-2005","Baylor"
"6079","2004-2005","Belmont"
"6080","2004-2005","Bethune-Cookman"
"6081","2004-2005","Binghamton"
"6082","2004-2005","Birmingham-Southern"
"6083","2004-2005","Boise State"
"6084","2004-2005","Boston College"
"6085","2004-2005","Boston University"
"6086","2004-2005","Bowling Green State"
"6087","2004-2005","Bradley"
"6088","2004-2005","Brigham Young"
"6089","2004-2005","Brown"
"6090","2004-2005","Bucknell"
"6091","2004-2005","Buffalo"
"6092","2004-2005","Butler"
"6093","2004-2005","Cal Poly"
"6094","2004-2005","Cal State Fullerton"
"6095","2004-2005","Cal State Northridge"
"6096","2004-2005","Campbell"
"6097","2004-2005","Canisius"
"6098","2004-2005","Centenary (LA)"
"6099","2004-2005","Central Connecticut State"
"6100","2004-2005","Central Florida"
"6101","2004-2005","Central Michigan"
"6102","2004-2005","Charleston Southern"
"6103","2004-2005","Charlotte"
"6104","2004-2005","Chattanooga"
"6105","2004-2005","Chicago State"
"6106","2004-2005","Cincinnati"
"6107","2004-2005","Citadel"
"6108","2004-2005","Clemson"
"6109","2004-2005","Cleveland State"
"6110","2004-2005","Coastal Carolina"
"6111","2004-2005","Colgate"
"6112","2004-2005","College of Charleston"
"6113","2004-2005","Colorado"
"6114","2004-2005","Colorado State"
"6115","2004-2005","Columbia"
"6116","2004-2005","Connecticut"
"6117","2004-2005","Coppin State"
"6118","2004-2005","Cornell"
"6119","2004-2005","Creighton"
"6120","2004-2005","Dartmouth"
"6121","2004-2005","Davidson"
"6122","2004-2005","Dayton"
"6123","2004-2005","Delaware"
"6124","2004-2005","Delaware State"
"6125","2004-2005","Denver"
"6126","2004-2005","DePaul"
"6127","2004-2005","Detroit Mercy"
"6128","2004-2005","Drake"
"6129","2004-2005","Drexel"
"6130","2004-2005","Duke"
"6131","2004-2005","Duquesne"
"6132","2004-2005","East Carolina"
"6133","2004-2005","East Tennessee State"
"6134","2004-2005","Eastern Illinois"
"6135","2004-2005","Eastern Kentucky"
"6136","2004-2005","Eastern Michigan"
"6137","2004-2005","Eastern Washington"
"6138","2004-2005","Elon"
"6139","2004-2005","Evansville"
"6140","2004-2005","Fairfield"
"6141","2004-2005","Fairleigh Dickinson"
"6142","2004-2005","Florida"
"6143","2004-2005","Florida A&M"
"6144","2004-2005","Florida Atlantic"
"6145","2004-2005","Florida International"
"6146","2004-2005","Florida State"
"6147","2004-2005","Fordham"
"6148","2004-2005","Fort Wayne"
"6149","2004-2005","Fresno State"
"6150","2004-2005","Furman"
"6151","2004-2005","Gardner-Webb"
"6152","2004-2005","George Mason"
"6153","2004-2005","George Washington"
"6154","2004-2005","Georgetown"
"6155","2004-2005","Georgia"
"6156","2004-2005","Georgia Southern"
"6157","2004-2005","Georgia State"
"6158","2004-2005","Georgia Tech"
"6159","2004-2005","Gonzaga"
"6160","2004-2005","Grambling"
"6161","2004-2005","Green Bay"
"6162","2004-2005","Hampton"
"6163","2004-2005","Hartford"
"6164","2004-2005","Harvard"
"6165","2004-2005","Hawaii"
"6166","2004-2005","High Point"
"6167","2004-2005","Hofstra"
"6168","2004-2005","Holy Cross"
"6169","2004-2005","Houston"
"6170","2004-2005","Howard"
"6171","2004-2005","Idaho"
"6172","2004-2005","Idaho State"
"6173","2004-2005","Illinois"
"6174","2004-2005","Illinois-Chicago"
"6175","2004-2005","Illinois State"
"6176","2004-2005","Indiana"
"6177","2004-2005","Indiana State"
"6178","2004-2005","Iona"
"6179","2004-2005","Iowa"
"6180","2004-2005","Iowa State"
"6181","2004-2005","IUPUI"
"6182","2004-2005","Jackson State"
"6183","2004-2005","Jacksonville"
"6184","2004-2005","Jacksonville State"
"6185","2004-2005","James Madison"
"6186","2004-2005","Kansas"
"6187","2004-2005","Kansas State"
"6188","2004-2005","Kent State"
"6189","2004-2005","Kentucky"
"6190","2004-2005","La Salle"
"6191","2004-2005","Lafayette"
"6192","2004-2005","Lamar"
"6193","2004-2005","Lehigh"
"6194","2004-2005","Liberty"
"6195","2004-2005","Lipscomb"
"6196","2004-2005","Little Rock"
"6197","2004-2005","Long Beach State"
"6198","2004-2005","Long Island University"
"6199","2004-2005","Louisiana"
"6200","2004-2005","Louisiana-Monroe"
"6201","2004-2005","Louisiana State"
"6202","2004-2005","Louisiana Tech"
"6203","2004-2005","Louisville"
"6204","2004-2005","Loyola (IL)"
"6205","2004-2005","Loyola (MD)"
"6206","2004-2005","Loyola Marymount"
"6207","2004-2005","Maine"
"6208","2004-2005","Manhattan"
"6209","2004-2005","Marist"
"6210","2004-2005","Marquette"
"6211","2004-2005","Marshall"
"6212","2004-2005","Maryland"
"6213","2004-2005","Maryland-Baltimore County"
"6214","2004-2005","Maryland-Eastern Shore"
"6215","2004-2005","Massachusetts"
"6216","2004-2005","McNeese State"
"6217","2004-2005","Memphis"
"6218","2004-2005","Mercer"
"6219","2004-2005","Miami (FL)"
"6220","2004-2005","Miami (OH)"
"6221","2004-2005","Michigan"
"6222","2004-2005","Michigan State"
"6223","2004-2005","Middle Tennessee"
"6224","2004-2005","Milwaukee"
"6225","2004-2005","Minnesota"
"6226","2004-2005","Mississippi"
"6227","2004-2005","Mississippi State"
"6228","2004-2005","Mississippi Valley State"
"6229","2004-2005","Missouri"
"6230","2004-2005","Missouri-Kansas City"
"6231","2004-2005","Missouri State"
"6232","2004-2005","Monmouth"
"6233","2004-2005","Montana"
"6234","2004-2005","Montana State"
"6235","2004-2005","Morehead State"
"6236","2004-2005","Morgan State"
"6237","2004-2005","Mount St. Mary's"
"6238","2004-2005","Murray State"
"6239","2004-2005","Navy"
"6240","2004-2005","Nebraska"
"6241","2004-2005","Nevada"
"6242","2004-2005","Nevada-Las Vegas"
"6243","2004-2005","New Hampshire"
"6244","2004-2005","New Mexico"
"6245","2004-2005","New Mexico State"
"6246","2004-2005","New Orleans"
"6247","2004-2005","Niagara"
"6248","2004-2005","Nicholls State"
"6249","2004-2005","Norfolk State"
"6250","2004-2005","North Carolina"
"6251","2004-2005","North Carolina-Asheville"
"6252","2004-2005","North Carolina-Greensboro"
"6253","2004-2005","North Carolina-Wilmington"
"6254","2004-2005","North Carolina A&T"
"6255","2004-2005","North Carolina State"
"6256","2004-2005","North Texas"
"6257","2004-2005","Northeastern"
"6258","2004-2005","Northern Arizona"
"6259","2004-2005","Northern Illinois"
"6260","2004-2005","Northern Iowa"
"6261","2004-2005","Northwestern"
"6262","2004-2005","Northwestern State"
"6263","2004-2005","Notre Dame"
"6264","2004-2005","Oakland"
"6265","2004-2005","Ohio"
"6266","2004-2005","Ohio State"
"6267","2004-2005","Oklahoma"
"6268","2004-2005","Oklahoma State"
"6269","2004-2005","Old Dominion"
"6270","2004-2005","Oral Roberts"
"6271","2004-2005","Oregon"
"6272","2004-2005","Oregon State"
"6273","2004-2005","Pacific"
"6274","2004-2005","Penn State"
"6275","2004-2005","Pennsylvania"
"6276","2004-2005","Pepperdine"
"6277","2004-2005","Pittsburgh"
"6278","2004-2005","Portland"
"6279","2004-2005","Portland State"
"6280","2004-2005","Prairie View"
"6281","2004-2005","Princeton"
"6282","2004-2005","Providence"
"6283","2004-2005","Purdue"
"6284","2004-2005","Quinnipiac"
"6285","2004-2005","Radford"
"6286","2004-2005","Rhode Island"
"6287","2004-2005","Rice"
"6288","2004-2005","Richmond"
"6289","2004-2005","Rider"
"6290","2004-2005","Robert Morris"
"6291","2004-2005","Rutgers"
"6292","2004-2005","Sacramento State"
"6293","2004-2005","Sacred Heart"
"6294","2004-2005","Saint Francis (PA)"
"6295","2004-2005","Saint Joseph's"
"6296","2004-2005","Saint Louis"
"6297","2004-2005","Saint Mary's (CA)"
"6298","2004-2005","Saint Peter's"
"6299","2004-2005","Sam Houston State"
"6300","2004-2005","Samford"
"6301","2004-2005","San Diego"
"6302","2004-2005","San Diego State"
"6303","2004-2005","San Francisco"
"6304","2004-2005","San Jose State"
"6305","2004-2005","Santa Clara"
"6306","2004-2005","Savannah State"
"6307","2004-2005","Seton Hall"
"6308","2004-2005","Siena"
"6309","2004-2005","South Alabama"
"6310","2004-2005","South Carolina"
"6311","2004-2005","South Carolina State"
"6312","2004-2005","South Florida"
"6313","2004-2005","Southeast Missouri State"
"6314","2004-2005","Southeastern Louisiana"
"6315","2004-2005","Southern"
"6316","2004-2005","Southern California"
"6317","2004-2005","Southern Illinois"
"6318","2004-2005","Southern Methodist"
"6319","2004-2005","Southern Mississippi"
"6320","2004-2005","Southern Utah"
"6321","2004-2005","St. Bonaventure"
"6322","2004-2005","St. Francis (NY)"
"6323","2004-2005","St. John's (NY)"
"6324","2004-2005","Stanford"
"6325","2004-2005","Stephen F. Austin"
"6326","2004-2005","Stetson"
"6327","2004-2005","Stony Brook"
"6328","2004-2005","Syracuse"
"6329","2004-2005","Temple"
"6330","2004-2005","Tennessee"
"6331","2004-2005","Tennessee-Martin"
"6332","2004-2005","Tennessee State"
"6333","2004-2005","Tennessee Tech"
"6334","2004-2005","Texas"
"6335","2004-2005","Texas-Arlington"
"6336","2004-2005","Texas-El Paso"
"6337","2004-2005","Texas-Rio Grande Valley"
"6338","2004-2005","Texas-San Antonio"
"6339","2004-2005","Texas A&M"
"6340","2004-2005","Texas A&M-Corpus Christi"
"6341","2004-2005","Texas Christian"
"6342","2004-2005","Texas Southern"
"6343","2004-2005","Texas State"
"6344","2004-2005","Texas Tech"
"6345","2004-2005","Toledo"
"6346","2004-2005","Towson"
"6347","2004-2005","Troy"
"6348","2004-2005","Tulane"
"6349","2004-2005","Tulsa"
"6350","2004-2005","UC-Irvine"
"6351","2004-2005","UC-Riverside"
"6352","2004-2005","UC-Santa Barbara"
"6353","2004-2005","UCLA"
"6354","2004-2005","University of California"
"6355","2004-2005","Utah"
"6356","2004-2005","Utah State"
"6357","2004-2005","Valparaiso"
"6358","2004-2005","Vanderbilt"
"6359","2004-2005","Vermont"
"6360","2004-2005","Villanova"
"6361","2004-2005","Virginia"
"6362","2004-2005","Virginia Commonwealth"
"6363","2004-2005","Virginia Tech"
"6364","2004-2005","VMI"
"6365","2004-2005","Wagner"
"6366","2004-2005","Wake Forest"
"6367","2004-2005","Washington"
"6368","2004-2005","Washington State"
"6369","2004-2005","Weber State"
"6370","2004-2005","West Virginia"
"6371","2004-2005","Western Carolina"
"6372","2004-2005","Western Illinois"
"6373","2004-2005","Western Kentucky"
"6374","2004-2005","Western Michigan"
"6375","2004-2005","Wichita State"
"6376","2004-2005","William & Mary"
"6377","2004-2005","Winthrop"
"6378","2004-2005","Wisconsin"
"6379","2004-2005","Wofford"
"6380","2004-2005","Wright State"
"6381","2004-2005","Wyoming"
"6382","2004-2005","Xavier"
"6383","2004-2005","Yale"
"6384","2004-2005","Youngstown State"
"6385","2005-2006","Air Force"
"6386","2005-2006","Akron"
"6387","2005-2006","Alabama"
"6388","2005-2006","Alabama-Birmingham"
"6389","2005-2006","Alabama A&M"
"6390","2005-2006","Alabama State"
"6391","2005-2006","Albany (NY)"
"6392","2005-2006","Alcorn State"
"6393","2005-2006","American"
"6394","2005-2006","Appalachian State"
"6395","2005-2006","Arizona"
"6396","2005-2006","Arizona State"
"6397","2005-2006","Arkansas"
"6398","2005-2006","Arkansas-Pine Bluff"
"6399","2005-2006","Arkansas State"
"6400","2005-2006","Army"
"6401","2005-2006","Auburn"
"6402","2005-2006","Austin Peay"
"6403","2005-2006","Ball State"
"6404","2005-2006","Baylor"
"6405","2005-2006","Belmont"
"6406","2005-2006","Bethune-Cookman"
"6407","2005-2006","Binghamton"
"6408","2005-2006","Birmingham-Southern"
"6409","2005-2006","Boise State"
"6410","2005-2006","Boston College"
"6411","2005-2006","Boston University"
"6412","2005-2006","Bowling Green State"
"6413","2005-2006","Bradley"
"6414","2005-2006","Brigham Young"
"6415","2005-2006","Brown"
"6416","2005-2006","Bucknell"
"6417","2005-2006","Buffalo"
"6418","2005-2006","Butler"
"6419","2005-2006","Cal Poly"
"6420","2005-2006","Cal State Fullerton"
"6421","2005-2006","Cal State Northridge"
"6422","2005-2006","Campbell"
"6423","2005-2006","Canisius"
"6424","2005-2006","Centenary (LA)"
"6425","2005-2006","Central Connecticut State"
"6426","2005-2006","Central Florida"
"6427","2005-2006","Central Michigan"
"6428","2005-2006","Charleston Southern"
"6429","2005-2006","Charlotte"
"6430","2005-2006","Chattanooga"
"6431","2005-2006","Chicago State"
"6432","2005-2006","Cincinnati"
"6433","2005-2006","Citadel"
"6434","2005-2006","Clemson"
"6435","2005-2006","Cleveland State"
"6436","2005-2006","Coastal Carolina"
"6437","2005-2006","Colgate"
"6438","2005-2006","College of Charleston"
"6439","2005-2006","Colorado"
"6440","2005-2006","Colorado State"
"6441","2005-2006","Columbia"
"6442","2005-2006","Connecticut"
"6443","2005-2006","Coppin State"
"6444","2005-2006","Cornell"
"6445","2005-2006","Creighton"
"6446","2005-2006","Dartmouth"
"6447","2005-2006","Davidson"
"6448","2005-2006","Dayton"
"6449","2005-2006","Delaware"
"6450","2005-2006","Delaware State"
"6451","2005-2006","Denver"
"6452","2005-2006","DePaul"
"6453","2005-2006","Detroit Mercy"
"6454","2005-2006","Drake"
"6455","2005-2006","Drexel"
"6456","2005-2006","Duke"
"6457","2005-2006","Duquesne"
"6458","2005-2006","East Carolina"
"6459","2005-2006","East Tennessee State"
"6460","2005-2006","Eastern Illinois"
"6461","2005-2006","Eastern Kentucky"
"6462","2005-2006","Eastern Michigan"
"6463","2005-2006","Eastern Washington"
"6464","2005-2006","Elon"
"6465","2005-2006","Evansville"
"6466","2005-2006","Fairfield"
"6467","2005-2006","Fairleigh Dickinson"
"6468","2005-2006","Florida"
"6469","2005-2006","Florida A&M"
"6470","2005-2006","Florida Atlantic"
"6471","2005-2006","Florida International"
"6472","2005-2006","Florida State"
"6473","2005-2006","Fordham"
"6474","2005-2006","Fresno State"
"6475","2005-2006","Furman"
"6476","2005-2006","Gardner-Webb"
"6477","2005-2006","George Mason"
"6478","2005-2006","George Washington"
"6479","2005-2006","Georgetown"
"6480","2005-2006","Georgia"
"6481","2005-2006","Georgia Southern"
"6482","2005-2006","Georgia State"
"6483","2005-2006","Georgia Tech"
"6484","2005-2006","Gonzaga"
"6485","2005-2006","Grambling"
"6486","2005-2006","Green Bay"
"6487","2005-2006","Hampton"
"6488","2005-2006","Hartford"
"6489","2005-2006","Harvard"
"6490","2005-2006","Hawaii"
"6491","2005-2006","High Point"
"6492","2005-2006","Hofstra"
"6493","2005-2006","Holy Cross"
"6494","2005-2006","Houston"
"6495","2005-2006","Howard"
"6496","2005-2006","Idaho"
"6497","2005-2006","Idaho State"
"6498","2005-2006","Illinois"
"6499","2005-2006","Illinois-Chicago"
"6500","2005-2006","Illinois State"
"6501","2005-2006","Indiana"
"6502","2005-2006","Indiana State"
"6503","2005-2006","Iona"
"6504","2005-2006","Iowa"
"6505","2005-2006","Iowa State"
"6506","2005-2006","IUPUI"
"6507","2005-2006","Jackson State"
"6508","2005-2006","Jacksonville"
"6509","2005-2006","Jacksonville State"
"6510","2005-2006","James Madison"
"6511","2005-2006","Kansas"
"6512","2005-2006","Kansas State"
"6513","2005-2006","Kent State"
"6514","2005-2006","Kentucky"
"6515","2005-2006","La Salle"
"6516","2005-2006","Lafayette"
"6517","2005-2006","Lamar"
"6518","2005-2006","Lehigh"
"6519","2005-2006","Liberty"
"6520","2005-2006","Lipscomb"
"6521","2005-2006","Little Rock"
"6522","2005-2006","Long Beach State"
"6523","2005-2006","Long Island University"
"6524","2005-2006","Louisiana"
"6525","2005-2006","Louisiana-Monroe"
"6526","2005-2006","Louisiana State"
"6527","2005-2006","Louisiana Tech"
"6528","2005-2006","Louisville"
"6529","2005-2006","Loyola (IL)"
"6530","2005-2006","Loyola (MD)"
"6531","2005-2006","Loyola Marymount"
"6532","2005-2006","Maine"
"6533","2005-2006","Manhattan"
"6534","2005-2006","Marist"
"6535","2005-2006","Marquette"
"6536","2005-2006","Marshall"
"6537","2005-2006","Maryland"
"6538","2005-2006","Maryland-Baltimore County"
"6539","2005-2006","Maryland-Eastern Shore"
"6540","2005-2006","Massachusetts"
"6541","2005-2006","McNeese State"
"6542","2005-2006","Memphis"
"6543","2005-2006","Mercer"
"6544","2005-2006","Miami (FL)"
"6545","2005-2006","Miami (OH)"
"6546","2005-2006","Michigan"
"6547","2005-2006","Michigan State"
"6548","2005-2006","Middle Tennessee"
"6549","2005-2006","Milwaukee"
"6550","2005-2006","Minnesota"
"6551","2005-2006","Mississippi"
"6552","2005-2006","Mississippi State"
"6553","2005-2006","Mississippi Valley State"
"6554","2005-2006","Missouri"
"6555","2005-2006","Missouri-Kansas City"
"6556","2005-2006","Missouri State"
"6557","2005-2006","Monmouth"
"6558","2005-2006","Montana"
"6559","2005-2006","Montana State"
"6560","2005-2006","Morehead State"
"6561","2005-2006","Morgan State"
"6562","2005-2006","Mount St. Mary's"
"6563","2005-2006","Murray State"
"6564","2005-2006","Navy"
"6565","2005-2006","Nebraska"
"6566","2005-2006","Nevada"
"6567","2005-2006","Nevada-Las Vegas"
"6568","2005-2006","New Hampshire"
"6569","2005-2006","New Mexico"
"6570","2005-2006","New Mexico State"
"6571","2005-2006","New Orleans"
"6572","2005-2006","Niagara"
"6573","2005-2006","Nicholls State"
"6574","2005-2006","Norfolk State"
"6575","2005-2006","North Carolina"
"6576","2005-2006","North Carolina-Asheville"
"6577","2005-2006","North Carolina-Greensboro"
"6578","2005-2006","North Carolina-Wilmington"
"6579","2005-2006","North Carolina A&T"
"6580","2005-2006","North Carolina State"
"6581","2005-2006","North Texas"
"6582","2005-2006","Northeastern"
"6583","2005-2006","Northern Arizona"
"6584","2005-2006","Northern Illinois"
"6585","2005-2006","Northern Iowa"
"6586","2005-2006","Northwestern"
"6587","2005-2006","Northwestern State"
"6588","2005-2006","Notre Dame"
"6589","2005-2006","Oakland"
"6590","2005-2006","Ohio"
"6591","2005-2006","Ohio State"
"6592","2005-2006","Oklahoma"
"6593","2005-2006","Oklahoma State"
"6594","2005-2006","Old Dominion"
"6595","2005-2006","Oral Roberts"
"6596","2005-2006","Oregon"
"6597","2005-2006","Oregon State"
"6598","2005-2006","Pacific"
"6599","2005-2006","Penn State"
"6600","2005-2006","Pennsylvania"
"6601","2005-2006","Pepperdine"
"6602","2005-2006","Pittsburgh"
"6603","2005-2006","Portland"
"6604","2005-2006","Portland State"
"6605","2005-2006","Prairie View"
"6606","2005-2006","Princeton"
"6607","2005-2006","Providence"
"6608","2005-2006","Purdue"
"6609","2005-2006","Purdue-Fort Wayne"
"6610","2005-2006","Quinnipiac"
"6611","2005-2006","Radford"
"6612","2005-2006","Rhode Island"
"6613","2005-2006","Rice"
"6614","2005-2006","Richmond"
"6615","2005-2006","Rider"
"6616","2005-2006","Robert Morris"
"6617","2005-2006","Rutgers"
"6618","2005-2006","Sacramento State"
"6619","2005-2006","Sacred Heart"
"6620","2005-2006","Saint Francis (PA)"
"6621","2005-2006","Saint Joseph's"
"6622","2005-2006","Saint Louis"
"6623","2005-2006","Saint Mary's (CA)"
"6624","2005-2006","Saint Peter's"
"6625","2005-2006","Sam Houston State"
"6626","2005-2006","Samford"
"6627","2005-2006","San Diego"
"6628","2005-2006","San Diego State"
"6629","2005-2006","San Francisco"
"6630","2005-2006","San Jose State"
"6631","2005-2006","Santa Clara"
"6632","2005-2006","Savannah State"
"6633","2005-2006","Seton Hall"
"6634","2005-2006","Siena"
"6635","2005-2006","South Alabama"
"6636","2005-2006","South Carolina"
"6637","2005-2006","South Carolina State"
"6638","2005-2006","South Florida"
"6639","2005-2006","Southeast Missouri State"
"6640","2005-2006","Southeastern Louisiana"
"6641","2005-2006","Southern"
"6642","2005-2006","Southern California"
"6643","2005-2006","Southern Illinois"
"6644","2005-2006","Southern Methodist"
"6645","2005-2006","Southern Mississippi"
"6646","2005-2006","Southern Utah"
"6647","2005-2006","St. Bonaventure"
"6648","2005-2006","St. Francis (NY)"
"6649","2005-2006","St. John's (NY)"
"6650","2005-2006","Stanford"
"6651","2005-2006","Stephen F. Austin"
"6652","2005-2006","Stetson"
"6653","2005-2006","Stony Brook"
"6654","2005-2006","Syracuse"
"6655","2005-2006","Temple"
"6656","2005-2006","Tennessee"
"6657","2005-2006","Tennessee-Martin"
"6658","2005-2006","Tennessee State"
"6659","2005-2006","Tennessee Tech"
"6660","2005-2006","Texas"
"6661","2005-2006","Texas-Arlington"
"6662","2005-2006","Texas-El Paso"
"6663","2005-2006","Texas-Rio Grande Valley"
"6664","2005-2006","Texas-San Antonio"
"6665","2005-2006","Texas A&M"
"6666","2005-2006","Texas A&M-Corpus Christi"
"6667","2005-2006","Texas Christian"
"6668","2005-2006","Texas Southern"
"6669","2005-2006","Texas State"
"6670","2005-2006","Texas Tech"
"6671","2005-2006","Toledo"
"6672","2005-2006","Towson"
"6673","2005-2006","Troy"
"6674","2005-2006","Tulane"
"6675","2005-2006","Tulsa"
"6676","2005-2006","UC-Irvine"
"6677","2005-2006","UC-Riverside"
"6678","2005-2006","UC-Santa Barbara"
"6679","2005-2006","UCLA"
"6680","2005-2006","University of California"
"6681","2005-2006","Utah"
"6682","2005-2006","Utah State"
"6683","2005-2006","Valparaiso"
"6684","2005-2006","Vanderbilt"
"6685","2005-2006","Vermont"
"6686","2005-2006","Villanova"
"6687","2005-2006","Virginia"
"6688","2005-2006","Virginia Commonwealth"
"6689","2005-2006","Virginia Tech"
"6690","2005-2006","VMI"
"6691","2005-2006","Wagner"
"6692","2005-2006","Wake Forest"
"6693","2005-2006","Washington"
"6694","2005-2006","Washington State"
"6695","2005-2006","Weber State"
"6696","2005-2006","West Virginia"
"6697","2005-2006","Western Carolina"
"6698","2005-2006","Western Illinois"
"6699","2005-2006","Western Kentucky"
"6700","2005-2006","Western Michigan"
"6701","2005-2006","Wichita State"
"6702","2005-2006","William & Mary"
"6703","2005-2006","Winthrop"
"6704","2005-2006","Wisconsin"
"6705","2005-2006","Wofford"
"6706","2005-2006","Wright State"
"6707","2005-2006","Wyoming"
"6708","2005-2006","Xavier"
"6709","2005-2006","Yale"
"6710","2005-2006","Youngstown State"
"6711","2006-2007","Air Force"
"6712","2006-2007","Akron"
"6713","2006-2007","Alabama"
"6714","2006-2007","Alabama-Birmingham"
"6715","2006-2007","Alabama A&M"
"6716","2006-2007","Alabama State"
"6717","2006-2007","Albany (NY)"
"6718","2006-2007","Alcorn State"
"6719","2006-2007","American"
"6720","2006-2007","Appalachian State"
"6721","2006-2007","Arizona"
"6722","2006-2007","Arizona State"
"6723","2006-2007","Arkansas"
"6724","2006-2007","Arkansas-Pine Bluff"
"6725","2006-2007","Arkansas State"
"6726","2006-2007","Army"
"6727","2006-2007","Auburn"
"6728","2006-2007","Austin Peay"
"6729","2006-2007","Ball State"
"6730","2006-2007","Baylor"
"6731","2006-2007","Belmont"
"6732","2006-2007","Bethune-Cookman"
"6733","2006-2007","Binghamton"
"6734","2006-2007","Boise State"
"6735","2006-2007","Boston College"
"6736","2006-2007","Boston University"
"6737","2006-2007","Bowling Green State"
"6738","2006-2007","Bradley"
"6739","2006-2007","Brigham Young"
"6740","2006-2007","Brown"
"6741","2006-2007","Bucknell"
"6742","2006-2007","Buffalo"
"6743","2006-2007","Butler"
"6744","2006-2007","Cal Poly"
"6745","2006-2007","Cal State Fullerton"
"6746","2006-2007","Cal State Northridge"
"6747","2006-2007","Campbell"
"6748","2006-2007","Canisius"
"6749","2006-2007","Centenary (LA)"
"6750","2006-2007","Central Connecticut State"
"6751","2006-2007","Central Florida"
"6752","2006-2007","Central Michigan"
"6753","2006-2007","Charleston Southern"
"6754","2006-2007","Charlotte"
"6755","2006-2007","Chattanooga"
"6756","2006-2007","Chicago State"
"6757","2006-2007","Cincinnati"
"6758","2006-2007","Citadel"
"6759","2006-2007","Clemson"
"6760","2006-2007","Cleveland State"
"6761","2006-2007","Coastal Carolina"
"6762","2006-2007","Colgate"
"6763","2006-2007","College of Charleston"
"6764","2006-2007","Colorado"
"6765","2006-2007","Colorado State"
"6766","2006-2007","Columbia"
"6767","2006-2007","Connecticut"
"6768","2006-2007","Coppin State"
"6769","2006-2007","Cornell"
"6770","2006-2007","Creighton"
"6771","2006-2007","Dartmouth"
"6772","2006-2007","Davidson"
"6773","2006-2007","Dayton"
"6774","2006-2007","Delaware"
"6775","2006-2007","Delaware State"
"6776","2006-2007","Denver"
"6777","2006-2007","DePaul"
"6778","2006-2007","Detroit Mercy"
"6779","2006-2007","Drake"
"6780","2006-2007","Drexel"
"6781","2006-2007","Duke"
"6782","2006-2007","Duquesne"
"6783","2006-2007","East Carolina"
"6784","2006-2007","East Tennessee State"
"6785","2006-2007","Eastern Illinois"
"6786","2006-2007","Eastern Kentucky"
"6787","2006-2007","Eastern Michigan"
"6788","2006-2007","Eastern Washington"
"6789","2006-2007","Elon"
"6790","2006-2007","Evansville"
"6791","2006-2007","Fairfield"
"6792","2006-2007","Fairleigh Dickinson"
"6793","2006-2007","Florida"
"6794","2006-2007","Florida A&M"
"6795","2006-2007","Florida Atlantic"
"6796","2006-2007","Florida International"
"6797","2006-2007","Florida State"
"6798","2006-2007","Fordham"
"6799","2006-2007","Fort Wayne"
"6800","2006-2007","Fresno State"
"6801","2006-2007","Furman"
"6802","2006-2007","Gardner-Webb"
"6803","2006-2007","George Mason"
"6804","2006-2007","George Washington"
"6805","2006-2007","Georgetown"
"6806","2006-2007","Georgia"
"6807","2006-2007","Georgia Southern"
"6808","2006-2007","Georgia State"
"6809","2006-2007","Georgia Tech"
"6810","2006-2007","Gonzaga"
"6811","2006-2007","Grambling"
"6812","2006-2007","Green Bay"
"6813","2006-2007","Hampton"
"6814","2006-2007","Hartford"
"6815","2006-2007","Harvard"
"6816","2006-2007","Hawaii"
"6817","2006-2007","High Point"
"6818","2006-2007","Hofstra"
"6819","2006-2007","Holy Cross"
"6820","2006-2007","Houston"
"6821","2006-2007","Howard"
"6822","2006-2007","Idaho"
"6823","2006-2007","Idaho State"
"6824","2006-2007","Illinois"
"6825","2006-2007","Illinois-Chicago"
"6826","2006-2007","Illinois State"
"6827","2006-2007","Indiana"
"6828","2006-2007","Indiana State"
"6829","2006-2007","Iona"
"6830","2006-2007","Iowa"
"6831","2006-2007","Iowa State"
"6832","2006-2007","IUPUI"
"6833","2006-2007","Jackson State"
"6834","2006-2007","Jacksonville"
"6835","2006-2007","Jacksonville State"
"6836","2006-2007","James Madison"
"6837","2006-2007","Kansas"
"6838","2006-2007","Kansas State"
"6839","2006-2007","Kent State"
"6840","2006-2007","Kentucky"
"6841","2006-2007","La Salle"
"6842","2006-2007","Lafayette"
"6843","2006-2007","Lamar"
"6844","2006-2007","Lehigh"
"6845","2006-2007","Liberty"
"6846","2006-2007","Lipscomb"
"6847","2006-2007","Little Rock"
"6848","2006-2007","Long Beach State"
"6849","2006-2007","Long Island University"
"6850","2006-2007","Louisiana"
"6851","2006-2007","Louisiana-Monroe"
"6852","2006-2007","Louisiana State"
"6853","2006-2007","Louisiana Tech"
"6854","2006-2007","Louisville"
"6855","2006-2007","Loyola (IL)"
"6856","2006-2007","Loyola (MD)"
"6857","2006-2007","Loyola Marymount"
"6858","2006-2007","Maine"
"6859","2006-2007","Manhattan"
"6860","2006-2007","Marist"
"6861","2006-2007","Marquette"
"6862","2006-2007","Marshall"
"6863","2006-2007","Maryland"
"6864","2006-2007","Maryland-Baltimore County"
"6865","2006-2007","Maryland-Eastern Shore"
"6866","2006-2007","Massachusetts"
"6867","2006-2007","McNeese State"
"6868","2006-2007","Memphis"
"6869","2006-2007","Mercer"
"6870","2006-2007","Miami (FL)"
"6871","2006-2007","Miami (OH)"
"6872","2006-2007","Michigan"
"6873","2006-2007","Michigan State"
"6874","2006-2007","Middle Tennessee"
"6875","2006-2007","Milwaukee"
"6876","2006-2007","Minnesota"
"6877","2006-2007","Mississippi"
"6878","2006-2007","Mississippi State"
"6879","2006-2007","Mississippi Valley State"
"6880","2006-2007","Missouri"
"6881","2006-2007","Missouri-Kansas City"
"6882","2006-2007","Missouri State"
"6883","2006-2007","Monmouth"
"6884","2006-2007","Montana"
"6885","2006-2007","Montana State"
"6886","2006-2007","Morehead State"
"6887","2006-2007","Morgan State"
"6888","2006-2007","Mount St. Mary's"
"6889","2006-2007","Murray State"
"6890","2006-2007","Navy"
"6891","2006-2007","Nebraska"
"6892","2006-2007","Nevada"
"6893","2006-2007","Nevada-Las Vegas"
"6894","2006-2007","New Hampshire"
"6895","2006-2007","New Mexico"
"6896","2006-2007","New Mexico State"
"6897","2006-2007","New Orleans"
"6898","2006-2007","Niagara"
"6899","2006-2007","Nicholls State"
"6900","2006-2007","Norfolk State"
"6901","2006-2007","North Carolina"
"6902","2006-2007","North Carolina-Asheville"
"6903","2006-2007","North Carolina-Greensboro"
"6904","2006-2007","North Carolina-Wilmington"
"6905","2006-2007","North Carolina A&T"
"6906","2006-2007","North Carolina State"
"6907","2006-2007","North Texas"
"6908","2006-2007","Northeastern"
"6909","2006-2007","Northern Arizona"
"6910","2006-2007","Northern Illinois"
"6911","2006-2007","Northern Iowa"
"6912","2006-2007","Northwestern"
"6913","2006-2007","Northwestern State"
"6914","2006-2007","Notre Dame"
"6915","2006-2007","Oakland"
"6916","2006-2007","Ohio"
"6917","2006-2007","Ohio State"
"6918","2006-2007","Oklahoma"
"6919","2006-2007","Oklahoma State"
"6920","2006-2007","Old Dominion"
"6921","2006-2007","Oral Roberts"
"6922","2006-2007","Oregon"
"6923","2006-2007","Oregon State"
"6924","2006-2007","Pacific"
"6925","2006-2007","Penn State"
"6926","2006-2007","Pennsylvania"
"6927","2006-2007","Pepperdine"
"6928","2006-2007","Pittsburgh"
"6929","2006-2007","Portland"
"6930","2006-2007","Portland State"
"6931","2006-2007","Prairie View"
"6932","2006-2007","Princeton"
"6933","2006-2007","Providence"
"6934","2006-2007","Purdue"
"6935","2006-2007","Quinnipiac"
"6936","2006-2007","Radford"
"6937","2006-2007","Rhode Island"
"6938","2006-2007","Rice"
"6939","2006-2007","Richmond"
"6940","2006-2007","Rider"
"6941","2006-2007","Robert Morris"
"6942","2006-2007","Rutgers"
"6943","2006-2007","Sacramento State"
"6944","2006-2007","Sacred Heart"
"6945","2006-2007","Saint Francis (PA)"
"6946","2006-2007","Saint Joseph's"
"6947","2006-2007","Saint Louis"
"6948","2006-2007","Saint Mary's (CA)"
"6949","2006-2007","Saint Peter's"
"6950","2006-2007","Sam Houston State"
"6951","2006-2007","Samford"
"6952","2006-2007","San Diego"
"6953","2006-2007","San Diego State"
"6954","2006-2007","San Francisco"
"6955","2006-2007","San Jose State"
"6956","2006-2007","Santa Clara"
"6957","2006-2007","Savannah State"
"6958","2006-2007","Seton Hall"
"6959","2006-2007","Siena"
"6960","2006-2007","South Alabama"
"6961","2006-2007","South Carolina"
"6962","2006-2007","South Carolina State"
"6963","2006-2007","South Florida"
"6964","2006-2007","Southeast Missouri State"
"6965","2006-2007","Southeastern Louisiana"
"6966","2006-2007","Southern"
"6967","2006-2007","Southern California"
"6968","2006-2007","Southern Illinois"
"6969","2006-2007","Southern Methodist"
"6970","2006-2007","Southern Mississippi"
"6971","2006-2007","Southern Utah"
"6972","2006-2007","St. Bonaventure"
"6973","2006-2007","St. Francis (NY)"
"6974","2006-2007","St. John's (NY)"
"6975","2006-2007","Stanford"
"6976","2006-2007","Stephen F. Austin"
"6977","2006-2007","Stetson"
"6978","2006-2007","Stony Brook"
"6979","2006-2007","Syracuse"
"6980","2006-2007","Temple"
"6981","2006-2007","Tennessee"
"6982","2006-2007","Tennessee-Martin"
"6983","2006-2007","Tennessee State"
"6984","2006-2007","Tennessee Tech"
"6985","2006-2007","Texas"
"6986","2006-2007","Texas-Arlington"
"6987","2006-2007","Texas-El Paso"
"6988","2006-2007","Texas-Rio Grande Valley"
"6989","2006-2007","Texas-San Antonio"
"6990","2006-2007","Texas A&M"
"6991","2006-2007","Texas A&M-Corpus Christi"
"6992","2006-2007","Texas Christian"
"6993","2006-2007","Texas Southern"
"6994","2006-2007","Texas State"
"6995","2006-2007","Texas Tech"
"6996","2006-2007","Toledo"
"6997","2006-2007","Towson"
"6998","2006-2007","Troy"
"6999","2006-2007","Tulane"
"7000","2006-2007","Tulsa"
"7001","2006-2007","UC-Irvine"
"7002","2006-2007","UC-Riverside"
"7003","2006-2007","UC-Santa Barbara"
"7004","2006-2007","UCLA"
"7005","2006-2007","University of California"
"7006","2006-2007","Utah"
"7007","2006-2007","Utah State"
"7008","2006-2007","Valparaiso"
"7009","2006-2007","Vanderbilt"
"7010","2006-2007","Vermont"
"7011","2006-2007","Villanova"
"7012","2006-2007","Virginia"
"7013","2006-2007","Virginia Commonwealth"
"7014","2006-2007","Virginia Tech"
"7015","2006-2007","VMI"
"7016","2006-2007","Wagner"
"7017","2006-2007","Wake Forest"
"7018","2006-2007","Washington"
"7019","2006-2007","Washington State"
"7020","2006-2007","Weber State"
"7021","2006-2007","West Virginia"
"7022","2006-2007","Western Carolina"
"7023","2006-2007","Western Illinois"
"7024","2006-2007","Western Kentucky"
"7025","2006-2007","Western Michigan"
"7026","2006-2007","Wichita State"
"7027","2006-2007","William & Mary"
"7028","2006-2007","Winthrop"
"7029","2006-2007","Wisconsin"
"7030","2006-2007","Wofford"
"7031","2006-2007","Wright State"
"7032","2006-2007","Wyoming"
"7033","2006-2007","Xavier"
"7034","2006-2007","Yale"
"7035","2006-2007","Youngstown State"
"7036","2007-2008","Air Force"
"7037","2007-2008","Akron"
"7038","2007-2008","Alabama"
"7039","2007-2008","Alabama-Birmingham"
"7040","2007-2008","Alabama A&M"
"7041","2007-2008","Alabama State"
"7042","2007-2008","Albany (NY)"
"7043","2007-2008","Alcorn State"
"7044","2007-2008","American"
"7045","2007-2008","Appalachian State"
"7046","2007-2008","Arizona"
"7047","2007-2008","Arizona State"
"7048","2007-2008","Arkansas"
"7049","2007-2008","Arkansas-Pine Bluff"
"7050","2007-2008","Arkansas State"
"7051","2007-2008","Army"
"7052","2007-2008","Auburn"
"7053","2007-2008","Austin Peay"
"7054","2007-2008","Ball State"
"7055","2007-2008","Baylor"
"7056","2007-2008","Belmont"
"7057","2007-2008","Bethune-Cookman"
"7058","2007-2008","Binghamton"
"7059","2007-2008","Boise State"
"7060","2007-2008","Boston College"
"7061","2007-2008","Boston University"
"7062","2007-2008","Bowling Green State"
"7063","2007-2008","Bradley"
"7064","2007-2008","Brigham Young"
"7065","2007-2008","Brown"
"7066","2007-2008","Bucknell"
"7067","2007-2008","Buffalo"
"7068","2007-2008","Butler"
"7069","2007-2008","Cal Poly"
"7070","2007-2008","Cal State Fullerton"
"7071","2007-2008","Cal State Northridge"
"7072","2007-2008","Campbell"
"7073","2007-2008","Canisius"
"7074","2007-2008","Centenary (LA)"
"7075","2007-2008","Central Connecticut State"
"7076","2007-2008","Central Florida"
"7077","2007-2008","Central Michigan"
"7078","2007-2008","Charleston Southern"
"7079","2007-2008","Charlotte"
"7080","2007-2008","Chattanooga"
"7081","2007-2008","Chicago State"
"7082","2007-2008","Cincinnati"
"7083","2007-2008","Citadel"
"7084","2007-2008","Clemson"
"7085","2007-2008","Cleveland State"
"7086","2007-2008","Coastal Carolina"
"7087","2007-2008","Colgate"
"7088","2007-2008","College of Charleston"
"7089","2007-2008","Colorado"
"7090","2007-2008","Colorado State"
"7091","2007-2008","Columbia"
"7092","2007-2008","Connecticut"
"7093","2007-2008","Coppin State"
"7094","2007-2008","Cornell"
"7095","2007-2008","Creighton"
"7096","2007-2008","Dartmouth"
"7097","2007-2008","Davidson"
"7098","2007-2008","Dayton"
"7099","2007-2008","Delaware"
"7100","2007-2008","Delaware State"
"7101","2007-2008","Denver"
"7102","2007-2008","DePaul"
"7103","2007-2008","Detroit Mercy"
"7104","2007-2008","Drake"
"7105","2007-2008","Drexel"
"7106","2007-2008","Duke"
"7107","2007-2008","Duquesne"
"7108","2007-2008","East Carolina"
"7109","2007-2008","East Tennessee State"
"7110","2007-2008","Eastern Illinois"
"7111","2007-2008","Eastern Kentucky"
"7112","2007-2008","Eastern Michigan"
"7113","2007-2008","Eastern Washington"
"7114","2007-2008","Elon"
"7115","2007-2008","Evansville"
"7116","2007-2008","Fairfield"
"7117","2007-2008","Fairleigh Dickinson"
"7118","2007-2008","Florida"
"7119","2007-2008","Florida A&M"
"7120","2007-2008","Florida Atlantic"
"7121","2007-2008","Florida International"
"7122","2007-2008","Florida State"
"7123","2007-2008","Fordham"
"7124","2007-2008","Fort Wayne"
"7125","2007-2008","Fresno State"
"7126","2007-2008","Furman"
"7127","2007-2008","Gardner-Webb"
"7128","2007-2008","George Mason"
"7129","2007-2008","George Washington"
"7130","2007-2008","Georgetown"
"7131","2007-2008","Georgia"
"7132","2007-2008","Georgia Southern"
"7133","2007-2008","Georgia State"
"7134","2007-2008","Georgia Tech"
"7135","2007-2008","Gonzaga"
"7136","2007-2008","Grambling"
"7137","2007-2008","Green Bay"
"7138","2007-2008","Hampton"
"7139","2007-2008","Hartford"
"7140","2007-2008","Harvard"
"7141","2007-2008","Hawaii"
"7142","2007-2008","High Point"
"7143","2007-2008","Hofstra"
"7144","2007-2008","Holy Cross"
"7145","2007-2008","Houston"
"7146","2007-2008","Howard"
"7147","2007-2008","Idaho"
"7148","2007-2008","Idaho State"
"7149","2007-2008","Illinois"
"7150","2007-2008","Illinois-Chicago"
"7151","2007-2008","Illinois State"
"7152","2007-2008","Indiana"
"7153","2007-2008","Indiana State"
"7154","2007-2008","Iona"
"7155","2007-2008","Iowa"
"7156","2007-2008","Iowa State"
"7157","2007-2008","IUPUI"
"7158","2007-2008","Jackson State"
"7159","2007-2008","Jacksonville"
"7160","2007-2008","Jacksonville State"
"7161","2007-2008","James Madison"
"7162","2007-2008","Kansas"
"7163","2007-2008","Kansas State"
"7164","2007-2008","Kent State"
"7165","2007-2008","Kentucky"
"7166","2007-2008","La Salle"
"7167","2007-2008","Lafayette"
"7168","2007-2008","Lamar"
"7169","2007-2008","Lehigh"
"7170","2007-2008","Liberty"
"7171","2007-2008","Lipscomb"
"7172","2007-2008","Little Rock"
"7173","2007-2008","Long Beach State"
"7174","2007-2008","Long Island University"
"7175","2007-2008","Longwood"
"7176","2007-2008","Louisiana"
"7177","2007-2008","Louisiana-Monroe"
"7178","2007-2008","Louisiana State"
"7179","2007-2008","Louisiana Tech"
"7180","2007-2008","Louisville"
"7181","2007-2008","Loyola (IL)"
"7182","2007-2008","Loyola (MD)"
"7183","2007-2008","Loyola Marymount"
"7184","2007-2008","Maine"
"7185","2007-2008","Manhattan"
"7186","2007-2008","Marist"
"7187","2007-2008","Marquette"
"7188","2007-2008","Marshall"
"7189","2007-2008","Maryland"
"7190","2007-2008","Maryland-Baltimore County"
"7191","2007-2008","Maryland-Eastern Shore"
"7192","2007-2008","Massachusetts"
"7193","2007-2008","McNeese State"
"7194","2007-2008","Memphis"
"7195","2007-2008","Mercer"
"7196","2007-2008","Miami (FL)"
"7197","2007-2008","Miami (OH)"
"7198","2007-2008","Michigan"
"7199","2007-2008","Michigan State"
"7200","2007-2008","Middle Tennessee"
"7201","2007-2008","Milwaukee"
"7202","2007-2008","Minnesota"
"7203","2007-2008","Mississippi"
"7204","2007-2008","Mississippi State"
"7205","2007-2008","Mississippi Valley State"
"7206","2007-2008","Missouri"
"7207","2007-2008","Missouri-Kansas City"
"7208","2007-2008","Missouri State"
"7209","2007-2008","Monmouth"
"7210","2007-2008","Montana"
"7211","2007-2008","Montana State"
"7212","2007-2008","Morehead State"
"7213","2007-2008","Morgan State"
"7214","2007-2008","Mount St. Mary's"
"7215","2007-2008","Murray State"
"7216","2007-2008","Navy"
"7217","2007-2008","Nebraska"
"7218","2007-2008","Nevada"
"7219","2007-2008","Nevada-Las Vegas"
"7220","2007-2008","New Hampshire"
"7221","2007-2008","New Mexico"
"7222","2007-2008","New Mexico State"
"7223","2007-2008","New Orleans"
"7224","2007-2008","Niagara"
"7225","2007-2008","Nicholls State"
"7226","2007-2008","Norfolk State"
"7227","2007-2008","North Carolina"
"7228","2007-2008","North Carolina-Asheville"
"7229","2007-2008","North Carolina-Greensboro"
"7230","2007-2008","North Carolina-Wilmington"
"7231","2007-2008","North Carolina A&T"
"7232","2007-2008","North Carolina State"
"7233","2007-2008","North Texas"
"7234","2007-2008","Northeastern"
"7235","2007-2008","Northern Arizona"
"7236","2007-2008","Northern Colorado"
"7237","2007-2008","Northern Illinois"
"7238","2007-2008","Northern Iowa"
"7239","2007-2008","Northwestern"
"7240","2007-2008","Northwestern State"
"7241","2007-2008","Notre Dame"
"7242","2007-2008","Oakland"
"7243","2007-2008","Ohio"
"7244","2007-2008","Ohio State"
"7245","2007-2008","Oklahoma"
"7246","2007-2008","Oklahoma State"
"7247","2007-2008","Old Dominion"
"7248","2007-2008","Oral Roberts"
"7249","2007-2008","Oregon"
"7250","2007-2008","Oregon State"
"7251","2007-2008","Pacific"
"7252","2007-2008","Penn State"
"7253","2007-2008","Pennsylvania"
"7254","2007-2008","Pepperdine"
"7255","2007-2008","Pittsburgh"
"7256","2007-2008","Portland"
"7257","2007-2008","Portland State"
"7258","2007-2008","Prairie View"
"7259","2007-2008","Princeton"
"7260","2007-2008","Providence"
"7261","2007-2008","Purdue"
"7262","2007-2008","Quinnipiac"
"7263","2007-2008","Radford"
"7264","2007-2008","Rhode Island"
"7265","2007-2008","Rice"
"7266","2007-2008","Richmond"
"7267","2007-2008","Rider"
"7268","2007-2008","Robert Morris"
"7269","2007-2008","Rutgers"
"7270","2007-2008","Sacramento State"
"7271","2007-2008","Sacred Heart"
"7272","2007-2008","Saint Francis (PA)"
"7273","2007-2008","Saint Joseph's"
"7274","2007-2008","Saint Louis"
"7275","2007-2008","Saint Mary's (CA)"
"7276","2007-2008","Saint Peter's"
"7277","2007-2008","Sam Houston State"
"7278","2007-2008","Samford"
"7279","2007-2008","San Diego"
"7280","2007-2008","San Diego State"
"7281","2007-2008","San Francisco"
"7282","2007-2008","San Jose State"
"7283","2007-2008","Santa Clara"
"7284","2007-2008","Savannah State"
"7285","2007-2008","Seton Hall"
"7286","2007-2008","Siena"
"7287","2007-2008","South Alabama"
"7288","2007-2008","South Carolina"
"7289","2007-2008","South Carolina State"
"7290","2007-2008","South Florida"
"7291","2007-2008","Southeast Missouri State"
"7292","2007-2008","Southeastern Louisiana"
"7293","2007-2008","Southern"
"7294","2007-2008","Southern California"
"7295","2007-2008","Southern Illinois"
"7296","2007-2008","Southern Methodist"
"7297","2007-2008","Southern Mississippi"
"7298","2007-2008","Southern Utah"
"7299","2007-2008","St. Bonaventure"
"7300","2007-2008","St. Francis (NY)"
"7301","2007-2008","St. John's (NY)"
"7302","2007-2008","Stanford"
"7303","2007-2008","Stephen F. Austin"
"7304","2007-2008","Stetson"
"7305","2007-2008","Stony Brook"
"7306","2007-2008","Syracuse"
"7307","2007-2008","Temple"
"7308","2007-2008","Tennessee"
"7309","2007-2008","Tennessee-Martin"
"7310","2007-2008","Tennessee State"
"7311","2007-2008","Tennessee Tech"
"7312","2007-2008","Texas"
"7313","2007-2008","Texas-Arlington"
"7314","2007-2008","Texas-El Paso"
"7315","2007-2008","Texas-Rio Grande Valley"
"7316","2007-2008","Texas-San Antonio"
"7317","2007-2008","Texas A&M"
"7318","2007-2008","Texas A&M-Corpus Christi"
"7319","2007-2008","Texas Christian"
"7320","2007-2008","Texas Southern"
"7321","2007-2008","Texas State"
"7322","2007-2008","Texas Tech"
"7323","2007-2008","Toledo"
"7324","2007-2008","Towson"
"7325","2007-2008","Troy"
"7326","2007-2008","Tulane"
"7327","2007-2008","Tulsa"
"7328","2007-2008","UC-Davis"
"7329","2007-2008","UC-Irvine"
"7330","2007-2008","UC-Riverside"
"7331","2007-2008","UC-Santa Barbara"
"7332","2007-2008","UCLA"
"7333","2007-2008","University of California"
"7334","2007-2008","Utah"
"7335","2007-2008","Utah State"
"7336","2007-2008","Valparaiso"
"7337","2007-2008","Vanderbilt"
"7338","2007-2008","Vermont"
"7339","2007-2008","Villanova"
"7340","2007-2008","Virginia"
"7341","2007-2008","Virginia Commonwealth"
"7342","2007-2008","Virginia Tech"
"7343","2007-2008","VMI"
"7344","2007-2008","Wagner"
"7345","2007-2008","Wake Forest"
"7346","2007-2008","Washington"
"7347","2007-2008","Washington State"
"7348","2007-2008","Weber State"
"7349","2007-2008","West Virginia"
"7350","2007-2008","Western Carolina"
"7351","2007-2008","Western Illinois"
"7352","2007-2008","Western Kentucky"
"7353","2007-2008","Western Michigan"
"7354","2007-2008","Wichita State"
"7355","2007-2008","William & Mary"
"7356","2007-2008","Winthrop"
"7357","2007-2008","Wisconsin"
"7358","2007-2008","Wofford"
"7359","2007-2008","Wright State"
"7360","2007-2008","Wyoming"
"7361","2007-2008","Xavier"
"7362","2007-2008","Yale"
"7363","2007-2008","Youngstown State"
"7364","2008-2009","Air Force"
"7365","2008-2009","Akron"
"7366","2008-2009","Alabama"
"7367","2008-2009","Alabama-Birmingham"
"7368","2008-2009","Alabama A&M"
"7369","2008-2009","Alabama State"
"7370","2008-2009","Albany (NY)"
"7371","2008-2009","Alcorn State"
"7372","2008-2009","American"
"7373","2008-2009","Appalachian State"
"7374","2008-2009","Arizona"
"7375","2008-2009","Arizona State"
"7376","2008-2009","Arkansas"
"7377","2008-2009","Arkansas-Pine Bluff"
"7378","2008-2009","Arkansas State"
"7379","2008-2009","Army"
"7380","2008-2009","Auburn"
"7381","2008-2009","Austin Peay"
"7382","2008-2009","Ball State"
"7383","2008-2009","Baylor"
"7384","2008-2009","Belmont"
"7385","2008-2009","Bethune-Cookman"
"7386","2008-2009","Binghamton"
"7387","2008-2009","Boise State"
"7388","2008-2009","Boston College"
"7389","2008-2009","Boston University"
"7390","2008-2009","Bowling Green State"
"7391","2008-2009","Bradley"
"7392","2008-2009","Brigham Young"
"7393","2008-2009","Brown"
"7394","2008-2009","Bucknell"
"7395","2008-2009","Buffalo"
"7396","2008-2009","Butler"
"7397","2008-2009","Cal Poly"
"7398","2008-2009","Cal State Fullerton"
"7399","2008-2009","Cal State Northridge"
"7400","2008-2009","Campbell"
"7401","2008-2009","Canisius"
"7402","2008-2009","Centenary (LA)"
"7403","2008-2009","Central Connecticut State"
"7404","2008-2009","Central Florida"
"7405","2008-2009","Central Michigan"
"7406","2008-2009","Charleston Southern"
"7407","2008-2009","Charlotte"
"7408","2008-2009","Chattanooga"
"7409","2008-2009","Chicago State"
"7410","2008-2009","Cincinnati"
"7411","2008-2009","Citadel"
"7412","2008-2009","Clemson"
"7413","2008-2009","Cleveland State"
"7414","2008-2009","Coastal Carolina"
"7415","2008-2009","Colgate"
"7416","2008-2009","College of Charleston"
"7417","2008-2009","Colorado"
"7418","2008-2009","Colorado State"
"7419","2008-2009","Columbia"
"7420","2008-2009","Connecticut"
"7421","2008-2009","Coppin State"
"7422","2008-2009","Cornell"
"7423","2008-2009","Creighton"
"7424","2008-2009","Dartmouth"
"7425","2008-2009","Davidson"
"7426","2008-2009","Dayton"
"7427","2008-2009","Delaware"
"7428","2008-2009","Delaware State"
"7429","2008-2009","Denver"
"7430","2008-2009","DePaul"
"7431","2008-2009","Detroit Mercy"
"7432","2008-2009","Drake"
"7433","2008-2009","Drexel"
"7434","2008-2009","Duke"
"7435","2008-2009","Duquesne"
"7436","2008-2009","East Carolina"
"7437","2008-2009","East Tennessee State"
"7438","2008-2009","Eastern Illinois"
"7439","2008-2009","Eastern Kentucky"
"7440","2008-2009","Eastern Michigan"
"7441","2008-2009","Eastern Washington"
"7442","2008-2009","Elon"
"7443","2008-2009","Evansville"
"7444","2008-2009","Fairfield"
"7445","2008-2009","Fairleigh Dickinson"
"7446","2008-2009","Florida"
"7447","2008-2009","Florida A&M"
"7448","2008-2009","Florida Atlantic"
"7449","2008-2009","Florida International"
"7450","2008-2009","Florida State"
"7451","2008-2009","Fordham"
"7452","2008-2009","Fort Wayne"
"7453","2008-2009","Fresno State"
"7454","2008-2009","Furman"
"7455","2008-2009","Gardner-Webb"
"7456","2008-2009","George Mason"
"7457","2008-2009","George Washington"
"7458","2008-2009","Georgetown"
"7459","2008-2009","Georgia"
"7460","2008-2009","Georgia Southern"
"7461","2008-2009","Georgia State"
"7462","2008-2009","Georgia Tech"
"7463","2008-2009","Gonzaga"
"7464","2008-2009","Grambling"
"7465","2008-2009","Green Bay"
"7466","2008-2009","Hampton"
"7467","2008-2009","Hartford"
"7468","2008-2009","Harvard"
"7469","2008-2009","Hawaii"
"7470","2008-2009","High Point"
"7471","2008-2009","Hofstra"
"7472","2008-2009","Holy Cross"
"7473","2008-2009","Houston"
"7474","2008-2009","Howard"
"7475","2008-2009","Idaho"
"7476","2008-2009","Idaho State"
"7477","2008-2009","Illinois"
"7478","2008-2009","Illinois-Chicago"
"7479","2008-2009","Illinois State"
"7480","2008-2009","Indiana"
"7481","2008-2009","Indiana State"
"7482","2008-2009","Iona"
"7483","2008-2009","Iowa"
"7484","2008-2009","Iowa State"
"7485","2008-2009","IUPUI"
"7486","2008-2009","Jackson State"
"7487","2008-2009","Jacksonville"
"7488","2008-2009","Jacksonville State"
"7489","2008-2009","James Madison"
"7490","2008-2009","Kansas"
"7491","2008-2009","Kansas State"
"7492","2008-2009","Kent State"
"7493","2008-2009","Kentucky"
"7494","2008-2009","La Salle"
"7495","2008-2009","Lafayette"
"7496","2008-2009","Lamar"
"7497","2008-2009","Lehigh"
"7498","2008-2009","Liberty"
"7499","2008-2009","Lipscomb"
"7500","2008-2009","Little Rock"
"7501","2008-2009","Long Beach State"
"7502","2008-2009","Long Island University"
"7503","2008-2009","Longwood"
"7504","2008-2009","Louisiana"
"7505","2008-2009","Louisiana-Monroe"
"7506","2008-2009","Louisiana State"
"7507","2008-2009","Louisiana Tech"
"7508","2008-2009","Louisville"
"7509","2008-2009","Loyola (IL)"
"7510","2008-2009","Loyola (MD)"
"7511","2008-2009","Loyola Marymount"
"7512","2008-2009","Maine"
"7513","2008-2009","Manhattan"
"7514","2008-2009","Marist"
"7515","2008-2009","Marquette"
"7516","2008-2009","Marshall"
"7517","2008-2009","Maryland"
"7518","2008-2009","Maryland-Baltimore County"
"7519","2008-2009","Maryland-Eastern Shore"
"7520","2008-2009","Massachusetts"
"7521","2008-2009","McNeese State"
"7522","2008-2009","Memphis"
"7523","2008-2009","Mercer"
"7524","2008-2009","Miami (FL)"
"7525","2008-2009","Miami (OH)"
"7526","2008-2009","Michigan"
"7527","2008-2009","Michigan State"
"7528","2008-2009","Middle Tennessee"
"7529","2008-2009","Milwaukee"
"7530","2008-2009","Minnesota"
"7531","2008-2009","Mississippi"
"7532","2008-2009","Mississippi State"
"7533","2008-2009","Mississippi Valley State"
"7534","2008-2009","Missouri"
"7535","2008-2009","Missouri-Kansas City"
"7536","2008-2009","Missouri State"
"7537","2008-2009","Monmouth"
"7538","2008-2009","Montana"
"7539","2008-2009","Montana State"
"7540","2008-2009","Morehead State"
"7541","2008-2009","Morgan State"
"7542","2008-2009","Mount St. Mary's"
"7543","2008-2009","Murray State"
"7544","2008-2009","Navy"
"7545","2008-2009","Nebraska"
"7546","2008-2009","Nevada"
"7547","2008-2009","Nevada-Las Vegas"
"7548","2008-2009","New Hampshire"
"7549","2008-2009","New Mexico"
"7550","2008-2009","New Mexico State"
"7551","2008-2009","New Orleans"
"7552","2008-2009","Niagara"
"7553","2008-2009","Nicholls State"
"7554","2008-2009","Norfolk State"
"7555","2008-2009","North Carolina"
"7556","2008-2009","North Carolina-Asheville"
"7557","2008-2009","North Carolina-Greensboro"
"7558","2008-2009","North Carolina-Wilmington"
"7559","2008-2009","North Carolina A&T"
"7560","2008-2009","North Carolina State"
"7561","2008-2009","North Dakota State"
"7562","2008-2009","North Texas"
"7563","2008-2009","Northeastern"
"7564","2008-2009","Northern Arizona"
"7565","2008-2009","Northern Colorado"
"7566","2008-2009","Northern Illinois"
"7567","2008-2009","Northern Iowa"
"7568","2008-2009","Northwestern"
"7569","2008-2009","Northwestern State"
"7570","2008-2009","Notre Dame"
"7571","2008-2009","Oakland"
"7572","2008-2009","Ohio"
"7573","2008-2009","Ohio State"
"7574","2008-2009","Oklahoma"
"7575","2008-2009","Oklahoma State"
"7576","2008-2009","Old Dominion"
"7577","2008-2009","Oral Roberts"
"7578","2008-2009","Oregon"
"7579","2008-2009","Oregon State"
"7580","2008-2009","Pacific"
"7581","2008-2009","Penn State"
"7582","2008-2009","Pennsylvania"
"7583","2008-2009","Pepperdine"
"7584","2008-2009","Pittsburgh"
"7585","2008-2009","Portland"
"7586","2008-2009","Portland State"
"7587","2008-2009","Prairie View"
"7588","2008-2009","Princeton"
"7589","2008-2009","Providence"
"7590","2008-2009","Purdue"
"7591","2008-2009","Quinnipiac"
"7592","2008-2009","Radford"
"7593","2008-2009","Rhode Island"
"7594","2008-2009","Rice"
"7595","2008-2009","Richmond"
"7596","2008-2009","Rider"
"7597","2008-2009","Robert Morris"
"7598","2008-2009","Rutgers"
"7599","2008-2009","Sacramento State"
"7600","2008-2009","Sacred Heart"
"7601","2008-2009","Saint Francis (PA)"
"7602","2008-2009","Saint Joseph's"
"7603","2008-2009","Saint Louis"
"7604","2008-2009","Saint Mary's (CA)"
"7605","2008-2009","Saint Peter's"
"7606","2008-2009","Sam Houston State"
"7607","2008-2009","Samford"
"7608","2008-2009","San Diego"
"7609","2008-2009","San Diego State"
"7610","2008-2009","San Francisco"
"7611","2008-2009","San Jose State"
"7612","2008-2009","Santa Clara"
"7613","2008-2009","Savannah State"
"7614","2008-2009","Seton Hall"
"7615","2008-2009","Siena"
"7616","2008-2009","South Alabama"
"7617","2008-2009","South Carolina"
"7618","2008-2009","South Carolina State"
"7619","2008-2009","South Dakota State"
"7620","2008-2009","South Florida"
"7621","2008-2009","Southeast Missouri State"
"7622","2008-2009","Southeastern Louisiana"
"7623","2008-2009","Southern"
"7624","2008-2009","Southern California"
"7625","2008-2009","Southern Illinois"
"7626","2008-2009","Southern Methodist"
"7627","2008-2009","Southern Mississippi"
"7628","2008-2009","Southern Utah"
"7629","2008-2009","St. Bonaventure"
"7630","2008-2009","St. Francis (NY)"
"7631","2008-2009","St. John's (NY)"
"7632","2008-2009","Stanford"
"7633","2008-2009","Stephen F. Austin"
"7634","2008-2009","Stetson"
"7635","2008-2009","Stony Brook"
"7636","2008-2009","Syracuse"
"7637","2008-2009","Temple"
"7638","2008-2009","Tennessee"
"7639","2008-2009","Tennessee-Martin"
"7640","2008-2009","Tennessee State"
"7641","2008-2009","Tennessee Tech"
"7642","2008-2009","Texas"
"7643","2008-2009","Texas-Arlington"
"7644","2008-2009","Texas-El Paso"
"7645","2008-2009","Texas-Rio Grande Valley"
"7646","2008-2009","Texas-San Antonio"
"7647","2008-2009","Texas A&M"
"7648","2008-2009","Texas A&M-Corpus Christi"
"7649","2008-2009","Texas Christian"
"7650","2008-2009","Texas Southern"
"7651","2008-2009","Texas State"
"7652","2008-2009","Texas Tech"
"7653","2008-2009","Toledo"
"7654","2008-2009","Towson"
"7655","2008-2009","Troy"
"7656","2008-2009","Tulane"
"7657","2008-2009","Tulsa"
"7658","2008-2009","UC-Davis"
"7659","2008-2009","UC-Irvine"
"7660","2008-2009","UC-Riverside"
"7661","2008-2009","UC-Santa Barbara"
"7662","2008-2009","UCLA"
"7663","2008-2009","University of California"
"7664","2008-2009","Utah"
"7665","2008-2009","Utah State"
"7666","2008-2009","Valparaiso"
"7667","2008-2009","Vanderbilt"
"7668","2008-2009","Vermont"
"7669","2008-2009","Villanova"
"7670","2008-2009","Virginia"
"7671","2008-2009","Virginia Commonwealth"
"7672","2008-2009","Virginia Tech"
"7673","2008-2009","VMI"
"7674","2008-2009","Wagner"
"7675","2008-2009","Wake Forest"
"7676","2008-2009","Washington"
"7677","2008-2009","Washington State"
"7678","2008-2009","Weber State"
"7679","2008-2009","West Virginia"
"7680","2008-2009","Western Carolina"
"7681","2008-2009","Western Illinois"
"7682","2008-2009","Western Kentucky"
"7683","2008-2009","Western Michigan"
"7684","2008-2009","Wichita State"
"7685","2008-2009","William & Mary"
"7686","2008-2009","Winthrop"
"7687","2008-2009","Wisconsin"
"7688","2008-2009","Wofford"
"7689","2008-2009","Wright State"
"7690","2008-2009","Wyoming"
"7691","2008-2009","Xavier"
"7692","2008-2009","Yale"
"7693","2008-2009","Youngstown State"
"7694","2009-2010","Air Force"
"7695","2009-2010","Akron"
"7696","2009-2010","Alabama"
"7697","2009-2010","Alabama-Birmingham"
"7698","2009-2010","Alabama A&M"
"7699","2009-2010","Alabama State"
"7700","2009-2010","Albany (NY)"
"7701","2009-2010","Alcorn State"
"7702","2009-2010","American"
"7703","2009-2010","Appalachian State"
"7704","2009-2010","Arizona"
"7705","2009-2010","Arizona State"
"7706","2009-2010","Arkansas"
"7707","2009-2010","Arkansas-Pine Bluff"
"7708","2009-2010","Arkansas State"
"7709","2009-2010","Army"
"7710","2009-2010","Auburn"
"7711","2009-2010","Austin Peay"
"7712","2009-2010","Ball State"
"7713","2009-2010","Baylor"
"7714","2009-2010","Belmont"
"7715","2009-2010","Bethune-Cookman"
"7716","2009-2010","Binghamton"
"7717","2009-2010","Boise State"
"7718","2009-2010","Boston College"
"7719","2009-2010","Boston University"
"7720","2009-2010","Bowling Green State"
"7721","2009-2010","Bradley"
"7722","2009-2010","Brigham Young"
"7723","2009-2010","Brown"
"7724","2009-2010","Bucknell"
"7725","2009-2010","Buffalo"
"7726","2009-2010","Butler"
"7727","2009-2010","Cal Poly"
"7728","2009-2010","Cal State Fullerton"
"7729","2009-2010","Cal State Northridge"
"7730","2009-2010","Campbell"
"7731","2009-2010","Canisius"
"7732","2009-2010","Centenary (LA)"
"7733","2009-2010","Central Connecticut State"
"7734","2009-2010","Central Florida"
"7735","2009-2010","Central Michigan"
"7736","2009-2010","Charleston Southern"
"7737","2009-2010","Charlotte"
"7738","2009-2010","Chattanooga"
"7739","2009-2010","Chicago State"
"7740","2009-2010","Cincinnati"
"7741","2009-2010","Citadel"
"7742","2009-2010","Clemson"
"7743","2009-2010","Cleveland State"
"7744","2009-2010","Coastal Carolina"
"7745","2009-2010","Colgate"
"7746","2009-2010","College of Charleston"
"7747","2009-2010","Colorado"
"7748","2009-2010","Colorado State"
"7749","2009-2010","Columbia"
"7750","2009-2010","Connecticut"
"7751","2009-2010","Coppin State"
"7752","2009-2010","Cornell"
"7753","2009-2010","Creighton"
"7754","2009-2010","Dartmouth"
"7755","2009-2010","Davidson"
"7756","2009-2010","Dayton"
"7757","2009-2010","Delaware"
"7758","2009-2010","Delaware State"
"7759","2009-2010","Denver"
"7760","2009-2010","DePaul"
"7761","2009-2010","Detroit Mercy"
"7762","2009-2010","Drake"
"7763","2009-2010","Drexel"
"7764","2009-2010","Duke"
"7765","2009-2010","Duquesne"
"7766","2009-2010","East Carolina"
"7767","2009-2010","East Tennessee State"
"7768","2009-2010","Eastern Illinois"
"7769","2009-2010","Eastern Kentucky"
"7770","2009-2010","Eastern Michigan"
"7771","2009-2010","Eastern Washington"
"7772","2009-2010","Elon"
"7773","2009-2010","Evansville"
"7774","2009-2010","Fairfield"
"7775","2009-2010","Fairleigh Dickinson"
"7776","2009-2010","Florida"
"7777","2009-2010","Florida A&M"
"7778","2009-2010","Florida Atlantic"
"7779","2009-2010","Florida International"
"7780","2009-2010","Florida State"
"7781","2009-2010","Fordham"
"7782","2009-2010","Fort Wayne"
"7783","2009-2010","Fresno State"
"7784","2009-2010","Furman"
"7785","2009-2010","Gardner-Webb"
"7786","2009-2010","George Mason"
"7787","2009-2010","George Washington"
"7788","2009-2010","Georgetown"
"7789","2009-2010","Georgia"
"7790","2009-2010","Georgia Southern"
"7791","2009-2010","Georgia State"
"7792","2009-2010","Georgia Tech"
"7793","2009-2010","Gonzaga"
"7794","2009-2010","Grambling"
"7795","2009-2010","Green Bay"
"7796","2009-2010","Hampton"
"7797","2009-2010","Hartford"
"7798","2009-2010","Harvard"
"7799","2009-2010","Hawaii"
"7800","2009-2010","High Point"
"7801","2009-2010","Hofstra"
"7802","2009-2010","Holy Cross"
"7803","2009-2010","Houston"
"7804","2009-2010","Howard"
"7805","2009-2010","Idaho"
"7806","2009-2010","Idaho State"
"7807","2009-2010","Illinois"
"7808","2009-2010","Illinois-Chicago"
"7809","2009-2010","Illinois State"
"7810","2009-2010","Indiana"
"7811","2009-2010","Indiana State"
"7812","2009-2010","Iona"
"7813","2009-2010","Iowa"
"7814","2009-2010","Iowa State"
"7815","2009-2010","IUPUI"
"7816","2009-2010","Jackson State"
"7817","2009-2010","Jacksonville"
"7818","2009-2010","Jacksonville State"
"7819","2009-2010","James Madison"
"7820","2009-2010","Kansas"
"7821","2009-2010","Kansas State"
"7822","2009-2010","Kennesaw State"
"7823","2009-2010","Kent State"
"7824","2009-2010","Kentucky"
"7825","2009-2010","La Salle"
"7826","2009-2010","Lafayette"
"7827","2009-2010","Lamar"
"7828","2009-2010","Lehigh"
"7829","2009-2010","Liberty"
"7830","2009-2010","Lipscomb"
"7831","2009-2010","Little Rock"
"7832","2009-2010","Long Beach State"
"7833","2009-2010","Long Island University"
"7834","2009-2010","Longwood"
"7835","2009-2010","Louisiana"
"7836","2009-2010","Louisiana-Monroe"
"7837","2009-2010","Louisiana State"
"7838","2009-2010","Louisiana Tech"
"7839","2009-2010","Louisville"
"7840","2009-2010","Loyola (IL)"
"7841","2009-2010","Loyola (MD)"
"7842","2009-2010","Loyola Marymount"
"7843","2009-2010","Maine"
"7844","2009-2010","Manhattan"
"7845","2009-2010","Marist"
"7846","2009-2010","Marquette"
"7847","2009-2010","Marshall"
"7848","2009-2010","Maryland"
"7849","2009-2010","Maryland-Baltimore County"
"7850","2009-2010","Maryland-Eastern Shore"
"7851","2009-2010","Massachusetts"
"7852","2009-2010","McNeese State"
"7853","2009-2010","Memphis"
"7854","2009-2010","Mercer"
"7855","2009-2010","Miami (FL)"
"7856","2009-2010","Miami (OH)"
"7857","2009-2010","Michigan"
"7858","2009-2010","Michigan State"
"7859","2009-2010","Middle Tennessee"
"7860","2009-2010","Milwaukee"
"7861","2009-2010","Minnesota"
"7862","2009-2010","Mississippi"
"7863","2009-2010","Mississippi State"
"7864","2009-2010","Mississippi Valley State"
"7865","2009-2010","Missouri"
"7866","2009-2010","Missouri-Kansas City"
"7867","2009-2010","Missouri State"
"7868","2009-2010","Monmouth"
"7869","2009-2010","Montana"
"7870","2009-2010","Montana State"
"7871","2009-2010","Morehead State"
"7872","2009-2010","Morgan State"
"7873","2009-2010","Mount St. Mary's"
"7874","2009-2010","Murray State"
"7875","2009-2010","Navy"
"7876","2009-2010","Nebraska"
"7877","2009-2010","Nevada"
"7878","2009-2010","Nevada-Las Vegas"
"7879","2009-2010","New Hampshire"
"7880","2009-2010","New Mexico"
"7881","2009-2010","New Mexico State"
"7882","2009-2010","New Orleans"
"7883","2009-2010","Niagara"
"7884","2009-2010","Nicholls State"
"7885","2009-2010","NJIT"
"7886","2009-2010","Norfolk State"
"7887","2009-2010","North Carolina"
"7888","2009-2010","North Carolina-Asheville"
"7889","2009-2010","North Carolina-Greensboro"
"7890","2009-2010","North Carolina-Wilmington"
"7891","2009-2010","North Carolina A&T"
"7892","2009-2010","North Carolina State"
"7893","2009-2010","North Dakota State"
"7894","2009-2010","North Florida"
"7895","2009-2010","North Texas"
"7896","2009-2010","Northeastern"
"7897","2009-2010","Northern Arizona"
"7898","2009-2010","Northern Colorado"
"7899","2009-2010","Northern Illinois"
"7900","2009-2010","Northern Iowa"
"7901","2009-2010","Northwestern"
"7902","2009-2010","Northwestern State"
"7903","2009-2010","Notre Dame"
"7904","2009-2010","Oakland"
"7905","2009-2010","Ohio"
"7906","2009-2010","Ohio State"
"7907","2009-2010","Oklahoma"
"7908","2009-2010","Oklahoma State"
"7909","2009-2010","Old Dominion"
"7910","2009-2010","Oral Roberts"
"7911","2009-2010","Oregon"
"7912","2009-2010","Oregon State"
"7913","2009-2010","Pacific"
"7914","2009-2010","Penn State"
"7915","2009-2010","Pennsylvania"
"7916","2009-2010","Pepperdine"
"7917","2009-2010","Pittsburgh"
"7918","2009-2010","Portland"
"7919","2009-2010","Portland State"
"7920","2009-2010","Prairie View"
"7921","2009-2010","Princeton"
"7922","2009-2010","Providence"
"7923","2009-2010","Purdue"
"7924","2009-2010","Quinnipiac"
"7925","2009-2010","Radford"
"7926","2009-2010","Rhode Island"
"7927","2009-2010","Rice"
"7928","2009-2010","Richmond"
"7929","2009-2010","Rider"
"7930","2009-2010","Robert Morris"
"7931","2009-2010","Rutgers"
"7932","2009-2010","Sacramento State"
"7933","2009-2010","Sacred Heart"
"7934","2009-2010","Saint Francis (PA)"
"7935","2009-2010","Saint Joseph's"
"7936","2009-2010","Saint Louis"
"7937","2009-2010","Saint Mary's (CA)"
"7938","2009-2010","Saint Peter's"
"7939","2009-2010","Sam Houston State"
"7940","2009-2010","Samford"
"7941","2009-2010","San Diego"
"7942","2009-2010","San Diego State"
"7943","2009-2010","San Francisco"
"7944","2009-2010","San Jose State"
"7945","2009-2010","Santa Clara"
"7946","2009-2010","Savannah State"
"7947","2009-2010","Seton Hall"
"7948","2009-2010","Siena"
"7949","2009-2010","South Alabama"
"7950","2009-2010","South Carolina"
"7951","2009-2010","South Carolina State"
"7952","2009-2010","South Dakota State"
"7953","2009-2010","South Florida"
"7954","2009-2010","Southeast Missouri State"
"7955","2009-2010","Southeastern Louisiana"
"7956","2009-2010","Southern"
"7957","2009-2010","Southern California"
"7958","2009-2010","Southern Illinois"
"7959","2009-2010","Southern Methodist"
"7960","2009-2010","Southern Mississippi"
"7961","2009-2010","Southern Utah"
"7962","2009-2010","St. Bonaventure"
"7963","2009-2010","St. Francis (NY)"
"7964","2009-2010","St. John's (NY)"
"7965","2009-2010","Stanford"
"7966","2009-2010","Stephen F. Austin"
"7967","2009-2010","Stetson"
"7968","2009-2010","Stony Brook"
"7969","2009-2010","Syracuse"
"7970","2009-2010","Temple"
"7971","2009-2010","Tennessee"
"7972","2009-2010","Tennessee-Martin"
"7973","2009-2010","Tennessee State"
"7974","2009-2010","Tennessee Tech"
"7975","2009-2010","Texas"
"7976","2009-2010","Texas-Arlington"
"7977","2009-2010","Texas-El Paso"
"7978","2009-2010","Texas-Rio Grande Valley"
"7979","2009-2010","Texas-San Antonio"
"7980","2009-2010","Texas A&M"
"7981","2009-2010","Texas A&M-Corpus Christi"
"7982","2009-2010","Texas Christian"
"7983","2009-2010","Texas Southern"
"7984","2009-2010","Texas State"
"7985","2009-2010","Texas Tech"
"7986","2009-2010","Toledo"
"7987","2009-2010","Towson"
"7988","2009-2010","Troy"
"7989","2009-2010","Tulane"
"7990","2009-2010","Tulsa"
"7991","2009-2010","UC-Davis"
"7992","2009-2010","UC-Irvine"
"7993","2009-2010","UC-Riverside"
"7994","2009-2010","UC-Santa Barbara"
"7995","2009-2010","UCLA"
"7996","2009-2010","University of California"
"7997","2009-2010","Utah"
"7998","2009-2010","Utah State"
"7999","2009-2010","Utah Valley"
"8000","2009-2010","Valparaiso"
"8001","2009-2010","Vanderbilt"
"8002","2009-2010","Vermont"
"8003","2009-2010","Villanova"
"8004","2009-2010","Virginia"
"8005","2009-2010","Virginia Commonwealth"
"8006","2009-2010","Virginia Tech"
"8007","2009-2010","VMI"
"8008","2009-2010","Wagner"
"8009","2009-2010","Wake Forest"
"8010","2009-2010","Washington"
"8011","2009-2010","Washington State"
"8012","2009-2010","Weber State"
"8013","2009-2010","West Virginia"
"8014","2009-2010","Western Carolina"
"8015","2009-2010","Western Illinois"
"8016","2009-2010","Western Kentucky"
"8017","2009-2010","Western Michigan"
"8018","2009-2010","Wichita State"
"8019","2009-2010","William & Mary"
"8020","2009-2010","Winthrop"
"8021","2009-2010","Wisconsin"
"8022","2009-2010","Wofford"
"8023","2009-2010","Wright State"
"8024","2009-2010","Wyoming"
"8025","2009-2010","Xavier"
"8026","2009-2010","Yale"
"8027","2009-2010","Youngstown State"
"8028","2010-2011","Air Force"
"8029","2010-2011","Akron"
"8030","2010-2011","Alabama"
"8031","2010-2011","Alabama-Birmingham"
"8032","2010-2011","Alabama A&M"
"8033","2010-2011","Alabama State"
"8034","2010-2011","Albany (NY)"
"8035","2010-2011","Alcorn State"
"8036","2010-2011","American"
"8037","2010-2011","Appalachian State"
"8038","2010-2011","Arizona"
"8039","2010-2011","Arizona State"
"8040","2010-2011","Arkansas"
"8041","2010-2011","Arkansas-Pine Bluff"
"8042","2010-2011","Arkansas State"
"8043","2010-2011","Army"
"8044","2010-2011","Auburn"
"8045","2010-2011","Austin Peay"
"8046","2010-2011","Ball State"
"8047","2010-2011","Baylor"
"8048","2010-2011","Belmont"
"8049","2010-2011","Bethune-Cookman"
"8050","2010-2011","Binghamton"
"8051","2010-2011","Boise State"
"8052","2010-2011","Boston College"
"8053","2010-2011","Boston University"
"8054","2010-2011","Bowling Green State"
"8055","2010-2011","Bradley"
"8056","2010-2011","Brigham Young"
"8057","2010-2011","Brown"
"8058","2010-2011","Bryant"
"8059","2010-2011","Bucknell"
"8060","2010-2011","Buffalo"
"8061","2010-2011","Butler"
"8062","2010-2011","Cal Poly"
"8063","2010-2011","Cal State Bakersfield"
"8064","2010-2011","Cal State Fullerton"
"8065","2010-2011","Cal State Northridge"
"8066","2010-2011","Campbell"
"8067","2010-2011","Canisius"
"8068","2010-2011","Centenary (LA)"
"8069","2010-2011","Central Arkansas"
"8070","2010-2011","Central Connecticut State"
"8071","2010-2011","Central Florida"
"8072","2010-2011","Central Michigan"
"8073","2010-2011","Charleston Southern"
"8074","2010-2011","Charlotte"
"8075","2010-2011","Chattanooga"
"8076","2010-2011","Chicago State"
"8077","2010-2011","Cincinnati"
"8078","2010-2011","Citadel"
"8079","2010-2011","Clemson"
"8080","2010-2011","Cleveland State"
"8081","2010-2011","Coastal Carolina"
"8082","2010-2011","Colgate"
"8083","2010-2011","College of Charleston"
"8084","2010-2011","Colorado"
"8085","2010-2011","Colorado State"
"8086","2010-2011","Columbia"
"8087","2010-2011","Connecticut"
"8088","2010-2011","Coppin State"
"8089","2010-2011","Cornell"
"8090","2010-2011","Creighton"
"8091","2010-2011","Dartmouth"
"8092","2010-2011","Davidson"
"8093","2010-2011","Dayton"
"8094","2010-2011","Delaware"
"8095","2010-2011","Delaware State"
"8096","2010-2011","Denver"
"8097","2010-2011","DePaul"
"8098","2010-2011","Detroit Mercy"
"8099","2010-2011","Drake"
"8100","2010-2011","Drexel"
"8101","2010-2011","Duke"
"8102","2010-2011","Duquesne"
"8103","2010-2011","East Carolina"
"8104","2010-2011","East Tennessee State"
"8105","2010-2011","Eastern Illinois"
"8106","2010-2011","Eastern Kentucky"
"8107","2010-2011","Eastern Michigan"
"8108","2010-2011","Eastern Washington"
"8109","2010-2011","Elon"
"8110","2010-2011","Evansville"
"8111","2010-2011","Fairfield"
"8112","2010-2011","Fairleigh Dickinson"
"8113","2010-2011","Florida"
"8114","2010-2011","Florida A&M"
"8115","2010-2011","Florida Atlantic"
"8116","2010-2011","Florida Gulf Coast"
"8117","2010-2011","Florida International"
"8118","2010-2011","Florida State"
"8119","2010-2011","Fordham"
"8120","2010-2011","Fort Wayne"
"8121","2010-2011","Fresno State"
"8122","2010-2011","Furman"
"8123","2010-2011","Gardner-Webb"
"8124","2010-2011","George Mason"
"8125","2010-2011","George Washington"
"8126","2010-2011","Georgetown"
"8127","2010-2011","Georgia"
"8128","2010-2011","Georgia Southern"
"8129","2010-2011","Georgia State"
"8130","2010-2011","Georgia Tech"
"8131","2010-2011","Gonzaga"
"8132","2010-2011","Grambling"
"8133","2010-2011","Green Bay"
"8134","2010-2011","Hampton"
"8135","2010-2011","Hartford"
"8136","2010-2011","Harvard"
"8137","2010-2011","Hawaii"
"8138","2010-2011","High Point"
"8139","2010-2011","Hofstra"
"8140","2010-2011","Holy Cross"
"8141","2010-2011","Houston"
"8142","2010-2011","Houston Baptist"
"8143","2010-2011","Howard"
"8144","2010-2011","Idaho"
"8145","2010-2011","Idaho State"
"8146","2010-2011","Illinois"
"8147","2010-2011","Illinois-Chicago"
"8148","2010-2011","Illinois State"
"8149","2010-2011","Indiana"
"8150","2010-2011","Indiana State"
"8151","2010-2011","Iona"
"8152","2010-2011","Iowa"
"8153","2010-2011","Iowa State"
"8154","2010-2011","IUPUI"
"8155","2010-2011","Jackson State"
"8156","2010-2011","Jacksonville"
"8157","2010-2011","Jacksonville State"
"8158","2010-2011","James Madison"
"8159","2010-2011","Kansas"
"8160","2010-2011","Kansas State"
"8161","2010-2011","Kennesaw State"
"8162","2010-2011","Kent State"
"8163","2010-2011","Kentucky"
"8164","2010-2011","La Salle"
"8165","2010-2011","Lafayette"
"8166","2010-2011","Lamar"
"8167","2010-2011","Lehigh"
"8168","2010-2011","Liberty"
"8169","2010-2011","Lipscomb"
"8170","2010-2011","Little Rock"
"8171","2010-2011","Long Beach State"
"8172","2010-2011","Long Island University"
"8173","2010-2011","Longwood"
"8174","2010-2011","Louisiana"
"8175","2010-2011","Louisiana-Monroe"
"8176","2010-2011","Louisiana State"
"8177","2010-2011","Louisiana Tech"
"8178","2010-2011","Louisville"
"8179","2010-2011","Loyola (IL)"
"8180","2010-2011","Loyola (MD)"
"8181","2010-2011","Loyola Marymount"
"8182","2010-2011","Maine"
"8183","2010-2011","Manhattan"
"8184","2010-2011","Marist"
"8185","2010-2011","Marquette"
"8186","2010-2011","Marshall"
"8187","2010-2011","Maryland"
"8188","2010-2011","Maryland-Baltimore County"
"8189","2010-2011","Maryland-Eastern Shore"
"8190","2010-2011","Massachusetts"
"8191","2010-2011","McNeese State"
"8192","2010-2011","Memphis"
"8193","2010-2011","Mercer"
"8194","2010-2011","Miami (FL)"
"8195","2010-2011","Miami (OH)"
"8196","2010-2011","Michigan"
"8197","2010-2011","Michigan State"
"8198","2010-2011","Middle Tennessee"
"8199","2010-2011","Milwaukee"
"8200","2010-2011","Minnesota"
"8201","2010-2011","Mississippi"
"8202","2010-2011","Mississippi State"
"8203","2010-2011","Mississippi Valley State"
"8204","2010-2011","Missouri"
"8205","2010-2011","Missouri-Kansas City"
"8206","2010-2011","Missouri State"
"8207","2010-2011","Monmouth"
"8208","2010-2011","Montana"
"8209","2010-2011","Montana State"
"8210","2010-2011","Morehead State"
"8211","2010-2011","Morgan State"
"8212","2010-2011","Mount St. Mary's"
"8213","2010-2011","Murray State"
"8214","2010-2011","Navy"
"8215","2010-2011","Nebraska"
"8216","2010-2011","Nevada"
"8217","2010-2011","Nevada-Las Vegas"
"8218","2010-2011","New Hampshire"
"8219","2010-2011","New Mexico"
"8220","2010-2011","New Mexico State"
"8221","2010-2011","Niagara"
"8222","2010-2011","Nicholls State"
"8223","2010-2011","NJIT"
"8224","2010-2011","Norfolk State"
"8225","2010-2011","North Carolina"
"8226","2010-2011","North Carolina-Asheville"
"8227","2010-2011","North Carolina-Greensboro"
"8228","2010-2011","North Carolina-Wilmington"
"8229","2010-2011","North Carolina A&T"
"8230","2010-2011","North Carolina Central"
"8231","2010-2011","North Carolina State"
"8232","2010-2011","North Dakota"
"8233","2010-2011","North Dakota State"
"8234","2010-2011","North Florida"
"8235","2010-2011","North Texas"
"8236","2010-2011","Northeastern"
"8237","2010-2011","Northern Arizona"
"8238","2010-2011","Northern Colorado"
"8239","2010-2011","Northern Illinois"
"8240","2010-2011","Northern Iowa"
"8241","2010-2011","Northwestern"
"8242","2010-2011","Northwestern State"
"8243","2010-2011","Notre Dame"
"8244","2010-2011","Oakland"
"8245","2010-2011","Ohio"
"8246","2010-2011","Ohio State"
"8247","2010-2011","Oklahoma"
"8248","2010-2011","Oklahoma State"
"8249","2010-2011","Old Dominion"
"8250","2010-2011","Oral Roberts"
"8251","2010-2011","Oregon"
"8252","2010-2011","Oregon State"
"8253","2010-2011","Pacific"
"8254","2010-2011","Penn State"
"8255","2010-2011","Pennsylvania"
"8256","2010-2011","Pepperdine"
"8257","2010-2011","Pittsburgh"
"8258","2010-2011","Portland"
"8259","2010-2011","Portland State"
"8260","2010-2011","Prairie View"
"8261","2010-2011","Presbyterian"
"8262","2010-2011","Princeton"
"8263","2010-2011","Providence"
"8264","2010-2011","Purdue"
"8265","2010-2011","Quinnipiac"
"8266","2010-2011","Radford"
"8267","2010-2011","Rhode Island"
"8268","2010-2011","Rice"
"8269","2010-2011","Richmond"
"8270","2010-2011","Rider"
"8271","2010-2011","Robert Morris"
"8272","2010-2011","Rutgers"
"8273","2010-2011","Sacramento State"
"8274","2010-2011","Sacred Heart"
"8275","2010-2011","Saint Francis (PA)"
"8276","2010-2011","Saint Joseph's"
"8277","2010-2011","Saint Louis"
"8278","2010-2011","Saint Mary's (CA)"
"8279","2010-2011","Saint Peter's"
"8280","2010-2011","Sam Houston State"
"8281","2010-2011","Samford"
"8282","2010-2011","San Diego"
"8283","2010-2011","San Diego State"
"8284","2010-2011","San Francisco"
"8285","2010-2011","San Jose State"
"8286","2010-2011","Santa Clara"
"8287","2010-2011","Savannah State"
"8288","2010-2011","Seattle"
"8289","2010-2011","Seton Hall"
"8290","2010-2011","Siena"
"8291","2010-2011","SIU Edwardsville"
"8292","2010-2011","South Alabama"
"8293","2010-2011","South Carolina"
"8294","2010-2011","South Carolina State"
"8295","2010-2011","South Carolina Upstate"
"8296","2010-2011","South Dakota"
"8297","2010-2011","South Dakota State"
"8298","2010-2011","South Florida"
"8299","2010-2011","Southeast Missouri State"
"8300","2010-2011","Southeastern Louisiana"
"8301","2010-2011","Southern"
"8302","2010-2011","Southern California"
"8303","2010-2011","Southern Illinois"
"8304","2010-2011","Southern Methodist"
"8305","2010-2011","Southern Mississippi"
"8306","2010-2011","Southern Utah"
"8307","2010-2011","St. Bonaventure"
"8308","2010-2011","St. Francis (NY)"
"8309","2010-2011","St. John's (NY)"
"8310","2010-2011","Stanford"
"8311","2010-2011","Stephen F. Austin"
"8312","2010-2011","Stetson"
"8313","2010-2011","Stony Brook"
"8314","2010-2011","Syracuse"
"8315","2010-2011","Temple"
"8316","2010-2011","Tennessee"
"8317","2010-2011","Tennessee-Martin"
"8318","2010-2011","Tennessee State"
"8319","2010-2011","Tennessee Tech"
"8320","2010-2011","Texas"
"8321","2010-2011","Texas-Arlington"
"8322","2010-2011","Texas-El Paso"
"8323","2010-2011","Texas-Rio Grande Valley"
"8324","2010-2011","Texas-San Antonio"
"8325","2010-2011","Texas A&M"
"8326","2010-2011","Texas A&M-Corpus Christi"
"8327","2010-2011","Texas Christian"
"8328","2010-2011","Texas Southern"
"8329","2010-2011","Texas State"
"8330","2010-2011","Texas Tech"
"8331","2010-2011","Toledo"
"8332","2010-2011","Towson"
"8333","2010-2011","Troy"
"8334","2010-2011","Tulane"
"8335","2010-2011","Tulsa"
"8336","2010-2011","UC-Davis"
"8337","2010-2011","UC-Irvine"
"8338","2010-2011","UC-Riverside"
"8339","2010-2011","UC-Santa Barbara"
"8340","2010-2011","UCLA"
"8341","2010-2011","University of California"
"8342","2010-2011","Utah"
"8343","2010-2011","Utah State"
"8344","2010-2011","Utah Valley"
"8345","2010-2011","Valparaiso"
"8346","2010-2011","Vanderbilt"
"8347","2010-2011","Vermont"
"8348","2010-2011","Villanova"
"8349","2010-2011","Virginia"
"8350","2010-2011","Virginia Commonwealth"
"8351","2010-2011","Virginia Tech"
"8352","2010-2011","VMI"
"8353","2010-2011","Wagner"
"8354","2010-2011","Wake Forest"
"8355","2010-2011","Washington"
"8356","2010-2011","Washington State"
"8357","2010-2011","Weber State"
"8358","2010-2011","West Virginia"
"8359","2010-2011","Western Carolina"
"8360","2010-2011","Western Illinois"
"8361","2010-2011","Western Kentucky"
"8362","2010-2011","Western Michigan"
"8363","2010-2011","Wichita State"
"8364","2010-2011","William & Mary"
"8365","2010-2011","Winthrop"
"8366","2010-2011","Wisconsin"
"8367","2010-2011","Wofford"
"8368","2010-2011","Wright State"
"8369","2010-2011","Wyoming"
"8370","2010-2011","Xavier"
"8371","2010-2011","Yale"
"8372","2010-2011","Youngstown State"
"8373","2011-2012","Air Force"
"8374","2011-2012","Akron"
"8375","2011-2012","Alabama"
"8376","2011-2012","Alabama-Birmingham"
"8377","2011-2012","Alabama A&M"
"8378","2011-2012","Alabama State"
"8379","2011-2012","Albany (NY)"
"8380","2011-2012","Alcorn State"
"8381","2011-2012","American"
"8382","2011-2012","Appalachian State"
"8383","2011-2012","Arizona"
"8384","2011-2012","Arizona State"
"8385","2011-2012","Arkansas"
"8386","2011-2012","Arkansas-Pine Bluff"
"8387","2011-2012","Arkansas State"
"8388","2011-2012","Army"
"8389","2011-2012","Auburn"
"8390","2011-2012","Austin Peay"
"8391","2011-2012","Ball State"
"8392","2011-2012","Baylor"
"8393","2011-2012","Belmont"
"8394","2011-2012","Bethune-Cookman"
"8395","2011-2012","Binghamton"
"8396","2011-2012","Boise State"
"8397","2011-2012","Boston College"
"8398","2011-2012","Boston University"
"8399","2011-2012","Bowling Green State"
"8400","2011-2012","Bradley"
"8401","2011-2012","Brigham Young"
"8402","2011-2012","Brown"
"8403","2011-2012","Bryant"
"8404","2011-2012","Bucknell"
"8405","2011-2012","Buffalo"
"8406","2011-2012","Butler"
"8407","2011-2012","Cal Poly"
"8408","2011-2012","Cal State Bakersfield"
"8409","2011-2012","Cal State Fullerton"
"8410","2011-2012","Cal State Northridge"
"8411","2011-2012","Campbell"
"8412","2011-2012","Canisius"
"8413","2011-2012","Central Arkansas"
"8414","2011-2012","Central Connecticut State"
"8415","2011-2012","Central Florida"
"8416","2011-2012","Central Michigan"
"8417","2011-2012","Charleston Southern"
"8418","2011-2012","Charlotte"
"8419","2011-2012","Chattanooga"
"8420","2011-2012","Chicago State"
"8421","2011-2012","Cincinnati"
"8422","2011-2012","Citadel"
"8423","2011-2012","Clemson"
"8424","2011-2012","Cleveland State"
"8425","2011-2012","Coastal Carolina"
"8426","2011-2012","Colgate"
"8427","2011-2012","College of Charleston"
"8428","2011-2012","Colorado"
"8429","2011-2012","Colorado State"
"8430","2011-2012","Columbia"
"8431","2011-2012","Connecticut"
"8432","2011-2012","Coppin State"
"8433","2011-2012","Cornell"
"8434","2011-2012","Creighton"
"8435","2011-2012","Dartmouth"
"8436","2011-2012","Davidson"
"8437","2011-2012","Dayton"
"8438","2011-2012","Delaware"
"8439","2011-2012","Delaware State"
"8440","2011-2012","Denver"
"8441","2011-2012","DePaul"
"8442","2011-2012","Detroit Mercy"
"8443","2011-2012","Drake"
"8444","2011-2012","Drexel"
"8445","2011-2012","Duke"
"8446","2011-2012","Duquesne"
"8447","2011-2012","East Carolina"
"8448","2011-2012","East Tennessee State"
"8449","2011-2012","Eastern Illinois"
"8450","2011-2012","Eastern Kentucky"
"8451","2011-2012","Eastern Michigan"
"8452","2011-2012","Eastern Washington"
"8453","2011-2012","Elon"
"8454","2011-2012","Evansville"
"8455","2011-2012","Fairfield"
"8456","2011-2012","Fairleigh Dickinson"
"8457","2011-2012","Florida"
"8458","2011-2012","Florida A&M"
"8459","2011-2012","Florida Atlantic"
"8460","2011-2012","Florida Gulf Coast"
"8461","2011-2012","Florida International"
"8462","2011-2012","Florida State"
"8463","2011-2012","Fordham"
"8464","2011-2012","Fort Wayne"
"8465","2011-2012","Fresno State"
"8466","2011-2012","Furman"
"8467","2011-2012","Gardner-Webb"
"8468","2011-2012","George Mason"
"8469","2011-2012","George Washington"
"8470","2011-2012","Georgetown"
"8471","2011-2012","Georgia"
"8472","2011-2012","Georgia Southern"
"8473","2011-2012","Georgia State"
"8474","2011-2012","Georgia Tech"
"8475","2011-2012","Gonzaga"
"8476","2011-2012","Grambling"
"8477","2011-2012","Green Bay"
"8478","2011-2012","Hampton"
"8479","2011-2012","Hartford"
"8480","2011-2012","Harvard"
"8481","2011-2012","Hawaii"
"8482","2011-2012","High Point"
"8483","2011-2012","Hofstra"
"8484","2011-2012","Holy Cross"
"8485","2011-2012","Houston"
"8486","2011-2012","Houston Baptist"
"8487","2011-2012","Howard"
"8488","2011-2012","Idaho"
"8489","2011-2012","Idaho State"
"8490","2011-2012","Illinois"
"8491","2011-2012","Illinois-Chicago"
"8492","2011-2012","Illinois State"
"8493","2011-2012","Indiana"
"8494","2011-2012","Indiana State"
"8495","2011-2012","Iona"
"8496","2011-2012","Iowa"
"8497","2011-2012","Iowa State"
"8498","2011-2012","IUPUI"
"8499","2011-2012","Jackson State"
"8500","2011-2012","Jacksonville"
"8501","2011-2012","Jacksonville State"
"8502","2011-2012","James Madison"
"8503","2011-2012","Kansas"
"8504","2011-2012","Kansas State"
"8505","2011-2012","Kennesaw State"
"8506","2011-2012","Kent State"
"8507","2011-2012","Kentucky"
"8508","2011-2012","La Salle"
"8509","2011-2012","Lafayette"
"8510","2011-2012","Lamar"
"8511","2011-2012","Lehigh"
"8512","2011-2012","Liberty"
"8513","2011-2012","Lipscomb"
"8514","2011-2012","Little Rock"
"8515","2011-2012","Long Beach State"
"8516","2011-2012","Long Island University"
"8517","2011-2012","Longwood"
"8518","2011-2012","Louisiana"
"8519","2011-2012","Louisiana-Monroe"
"8520","2011-2012","Louisiana State"
"8521","2011-2012","Louisiana Tech"
"8522","2011-2012","Louisville"
"8523","2011-2012","Loyola (IL)"
"8524","2011-2012","Loyola (MD)"
"8525","2011-2012","Loyola Marymount"
"8526","2011-2012","Maine"
"8527","2011-2012","Manhattan"
"8528","2011-2012","Marist"
"8529","2011-2012","Marquette"
"8530","2011-2012","Marshall"
"8531","2011-2012","Maryland"
"8532","2011-2012","Maryland-Baltimore County"
"8533","2011-2012","Maryland-Eastern Shore"
"8534","2011-2012","Massachusetts"
"8535","2011-2012","McNeese State"
"8536","2011-2012","Memphis"
"8537","2011-2012","Mercer"
"8538","2011-2012","Miami (FL)"
"8539","2011-2012","Miami (OH)"
"8540","2011-2012","Michigan"
"8541","2011-2012","Michigan State"
"8542","2011-2012","Middle Tennessee"
"8543","2011-2012","Milwaukee"
"8544","2011-2012","Minnesota"
"8545","2011-2012","Mississippi"
"8546","2011-2012","Mississippi State"
"8547","2011-2012","Mississippi Valley State"
"8548","2011-2012","Missouri"
"8549","2011-2012","Missouri-Kansas City"
"8550","2011-2012","Missouri State"
"8551","2011-2012","Monmouth"
"8552","2011-2012","Montana"
"8553","2011-2012","Montana State"
"8554","2011-2012","Morehead State"
"8555","2011-2012","Morgan State"
"8556","2011-2012","Mount St. Mary's"
"8557","2011-2012","Murray State"
"8558","2011-2012","Navy"
"8559","2011-2012","Nebraska"
"8560","2011-2012","Nevada"
"8561","2011-2012","Nevada-Las Vegas"
"8562","2011-2012","New Hampshire"
"8563","2011-2012","New Mexico"
"8564","2011-2012","New Mexico State"
"8565","2011-2012","Niagara"
"8566","2011-2012","Nicholls State"
"8567","2011-2012","NJIT"
"8568","2011-2012","Norfolk State"
"8569","2011-2012","North Carolina"
"8570","2011-2012","North Carolina-Asheville"
"8571","2011-2012","North Carolina-Greensboro"
"8572","2011-2012","North Carolina-Wilmington"
"8573","2011-2012","North Carolina A&T"
"8574","2011-2012","North Carolina Central"
"8575","2011-2012","North Carolina State"
"8576","2011-2012","North Dakota"
"8577","2011-2012","North Dakota State"
"8578","2011-2012","North Florida"
"8579","2011-2012","North Texas"
"8580","2011-2012","Northeastern"
"8581","2011-2012","Northern Arizona"
"8582","2011-2012","Northern Colorado"
"8583","2011-2012","Northern Illinois"
"8584","2011-2012","Northern Iowa"
"8585","2011-2012","Northwestern"
"8586","2011-2012","Northwestern State"
"8587","2011-2012","Notre Dame"
"8588","2011-2012","Oakland"
"8589","2011-2012","Ohio"
"8590","2011-2012","Ohio State"
"8591","2011-2012","Oklahoma"
"8592","2011-2012","Oklahoma State"
"8593","2011-2012","Old Dominion"
"8594","2011-2012","Oral Roberts"
"8595","2011-2012","Oregon"
"8596","2011-2012","Oregon State"
"8597","2011-2012","Pacific"
"8598","2011-2012","Penn State"
"8599","2011-2012","Pennsylvania"
"8600","2011-2012","Pepperdine"
"8601","2011-2012","Pittsburgh"
"8602","2011-2012","Portland"
"8603","2011-2012","Portland State"
"8604","2011-2012","Prairie View"
"8605","2011-2012","Presbyterian"
"8606","2011-2012","Princeton"
"8607","2011-2012","Providence"
"8608","2011-2012","Purdue"
"8609","2011-2012","Quinnipiac"
"8610","2011-2012","Radford"
"8611","2011-2012","Rhode Island"
"8612","2011-2012","Rice"
"8613","2011-2012","Richmond"
"8614","2011-2012","Rider"
"8615","2011-2012","Robert Morris"
"8616","2011-2012","Rutgers"
"8617","2011-2012","Sacramento State"
"8618","2011-2012","Sacred Heart"
"8619","2011-2012","Saint Francis (PA)"
"8620","2011-2012","Saint Joseph's"
"8621","2011-2012","Saint Louis"
"8622","2011-2012","Saint Mary's (CA)"
"8623","2011-2012","Saint Peter's"
"8624","2011-2012","Sam Houston State"
"8625","2011-2012","Samford"
"8626","2011-2012","San Diego"
"8627","2011-2012","San Diego State"
"8628","2011-2012","San Francisco"
"8629","2011-2012","San Jose State"
"8630","2011-2012","Santa Clara"
"8631","2011-2012","Savannah State"
"8632","2011-2012","Seattle"
"8633","2011-2012","Seton Hall"
"8634","2011-2012","Siena"
"8635","2011-2012","SIU Edwardsville"
"8636","2011-2012","South Alabama"
"8637","2011-2012","South Carolina"
"8638","2011-2012","South Carolina State"
"8639","2011-2012","South Carolina Upstate"
"8640","2011-2012","South Dakota"
"8641","2011-2012","South Dakota State"
"8642","2011-2012","South Florida"
"8643","2011-2012","Southeast Missouri State"
"8644","2011-2012","Southeastern Louisiana"
"8645","2011-2012","Southern"
"8646","2011-2012","Southern California"
"8647","2011-2012","Southern Illinois"
"8648","2011-2012","Southern Methodist"
"8649","2011-2012","Southern Mississippi"
"8650","2011-2012","Southern Utah"
"8651","2011-2012","St. Bonaventure"
"8652","2011-2012","St. Francis (NY)"
"8653","2011-2012","St. John's (NY)"
"8654","2011-2012","Stanford"
"8655","2011-2012","Stephen F. Austin"
"8656","2011-2012","Stetson"
"8657","2011-2012","Stony Brook"
"8658","2011-2012","Syracuse"
"8659","2011-2012","Temple"
"8660","2011-2012","Tennessee"
"8661","2011-2012","Tennessee-Martin"
"8662","2011-2012","Tennessee State"
"8663","2011-2012","Tennessee Tech"
"8664","2011-2012","Texas"
"8665","2011-2012","Texas-Arlington"
"8666","2011-2012","Texas-El Paso"
"8667","2011-2012","Texas-Rio Grande Valley"
"8668","2011-2012","Texas-San Antonio"
"8669","2011-2012","Texas A&M"
"8670","2011-2012","Texas A&M-Corpus Christi"
"8671","2011-2012","Texas Christian"
"8672","2011-2012","Texas Southern"
"8673","2011-2012","Texas State"
"8674","2011-2012","Texas Tech"
"8675","2011-2012","Toledo"
"8676","2011-2012","Towson"
"8677","2011-2012","Troy"
"8678","2011-2012","Tulane"
"8679","2011-2012","Tulsa"
"8680","2011-2012","UC-Davis"
"8681","2011-2012","UC-Irvine"
"8682","2011-2012","UC-Riverside"
"8683","2011-2012","UC-Santa Barbara"
"8684","2011-2012","UCLA"
"8685","2011-2012","University of California"
"8686","2011-2012","Utah"
"8687","2011-2012","Utah State"
"8688","2011-2012","Utah Valley"
"8689","2011-2012","Valparaiso"
"8690","2011-2012","Vanderbilt"
"8691","2011-2012","Vermont"
"8692","2011-2012","Villanova"
"8693","2011-2012","Virginia"
"8694","2011-2012","Virginia Commonwealth"
"8695","2011-2012","Virginia Tech"
"8696","2011-2012","VMI"
"8697","2011-2012","Wagner"
"8698","2011-2012","Wake Forest"
"8699","2011-2012","Washington"
"8700","2011-2012","Washington State"
"8701","2011-2012","Weber State"
"8702","2011-2012","West Virginia"
"8703","2011-2012","Western Carolina"
"8704","2011-2012","Western Illinois"
"8705","2011-2012","Western Kentucky"
"8706","2011-2012","Western Michigan"
"8707","2011-2012","Wichita State"
"8708","2011-2012","William & Mary"
"8709","2011-2012","Winthrop"
"8710","2011-2012","Wisconsin"
"8711","2011-2012","Wofford"
"8712","2011-2012","Wright State"
"8713","2011-2012","Wyoming"
"8714","2011-2012","Xavier"
"8715","2011-2012","Yale"
"8716","2011-2012","Youngstown State"
"8717","2012-2013","Air Force"
"8718","2012-2013","Akron"
"8719","2012-2013","Alabama"
"8720","2012-2013","Alabama-Birmingham"
"8721","2012-2013","Alabama A&M"
"8722","2012-2013","Alabama State"
"8723","2012-2013","Albany (NY)"
"8724","2012-2013","Alcorn State"
"8725","2012-2013","American"
"8726","2012-2013","Appalachian State"
"8727","2012-2013","Arizona"
"8728","2012-2013","Arizona State"
"8729","2012-2013","Arkansas"
"8730","2012-2013","Arkansas-Pine Bluff"
"8731","2012-2013","Arkansas State"
"8732","2012-2013","Army"
"8733","2012-2013","Auburn"
"8734","2012-2013","Austin Peay"
"8735","2012-2013","Ball State"
"8736","2012-2013","Baylor"
"8737","2012-2013","Belmont"
"8738","2012-2013","Bethune-Cookman"
"8739","2012-2013","Binghamton"
"8740","2012-2013","Boise State"
"8741","2012-2013","Boston College"
"8742","2012-2013","Boston University"
"8743","2012-2013","Bowling Green State"
"8744","2012-2013","Bradley"
"8745","2012-2013","Brigham Young"
"8746","2012-2013","Brown"
"8747","2012-2013","Bryant"
"8748","2012-2013","Bucknell"
"8749","2012-2013","Buffalo"
"8750","2012-2013","Butler"
"8751","2012-2013","Cal Poly"
"8752","2012-2013","Cal State Bakersfield"
"8753","2012-2013","Cal State Fullerton"
"8754","2012-2013","Cal State Northridge"
"8755","2012-2013","Campbell"
"8756","2012-2013","Canisius"
"8757","2012-2013","Central Arkansas"
"8758","2012-2013","Central Connecticut State"
"8759","2012-2013","Central Florida"
"8760","2012-2013","Central Michigan"
"8761","2012-2013","Charleston Southern"
"8762","2012-2013","Charlotte"
"8763","2012-2013","Chattanooga"
"8764","2012-2013","Chicago State"
"8765","2012-2013","Cincinnati"
"8766","2012-2013","Citadel"
"8767","2012-2013","Clemson"
"8768","2012-2013","Cleveland State"
"8769","2012-2013","Coastal Carolina"
"8770","2012-2013","Colgate"
"8771","2012-2013","College of Charleston"
"8772","2012-2013","Colorado"
"8773","2012-2013","Colorado State"
"8774","2012-2013","Columbia"
"8775","2012-2013","Connecticut"
"8776","2012-2013","Coppin State"
"8777","2012-2013","Cornell"
"8778","2012-2013","Creighton"
"8779","2012-2013","Dartmouth"
"8780","2012-2013","Davidson"
"8781","2012-2013","Dayton"
"8782","2012-2013","Delaware"
"8783","2012-2013","Delaware State"
"8784","2012-2013","Denver"
"8785","2012-2013","DePaul"
"8786","2012-2013","Detroit Mercy"
"8787","2012-2013","Drake"
"8788","2012-2013","Drexel"
"8789","2012-2013","Duke"
"8790","2012-2013","Duquesne"
"8791","2012-2013","East Carolina"
"8792","2012-2013","East Tennessee State"
"8793","2012-2013","Eastern Illinois"
"8794","2012-2013","Eastern Kentucky"
"8795","2012-2013","Eastern Michigan"
"8796","2012-2013","Eastern Washington"
"8797","2012-2013","Elon"
"8798","2012-2013","Evansville"
"8799","2012-2013","Fairfield"
"8800","2012-2013","Fairleigh Dickinson"
"8801","2012-2013","Florida"
"8802","2012-2013","Florida A&M"
"8803","2012-2013","Florida Atlantic"
"8804","2012-2013","Florida Gulf Coast"
"8805","2012-2013","Florida International"
"8806","2012-2013","Florida State"
"8807","2012-2013","Fordham"
"8808","2012-2013","Fort Wayne"
"8809","2012-2013","Fresno State"
"8810","2012-2013","Furman"
"8811","2012-2013","Gardner-Webb"
"8812","2012-2013","George Mason"
"8813","2012-2013","George Washington"
"8814","2012-2013","Georgetown"
"8815","2012-2013","Georgia"
"8816","2012-2013","Georgia Southern"
"8817","2012-2013","Georgia State"
"8818","2012-2013","Georgia Tech"
"8819","2012-2013","Gonzaga"
"8820","2012-2013","Grambling"
"8821","2012-2013","Green Bay"
"8822","2012-2013","Hampton"
"8823","2012-2013","Hartford"
"8824","2012-2013","Harvard"
"8825","2012-2013","Hawaii"
"8826","2012-2013","High Point"
"8827","2012-2013","Hofstra"
"8828","2012-2013","Holy Cross"
"8829","2012-2013","Houston"
"8830","2012-2013","Houston Baptist"
"8831","2012-2013","Howard"
"8832","2012-2013","Idaho"
"8833","2012-2013","Idaho State"
"8834","2012-2013","Illinois"
"8835","2012-2013","Illinois-Chicago"
"8836","2012-2013","Illinois State"
"8837","2012-2013","Indiana"
"8838","2012-2013","Indiana State"
"8839","2012-2013","Iona"
"8840","2012-2013","Iowa"
"8841","2012-2013","Iowa State"
"8842","2012-2013","IUPUI"
"8843","2012-2013","Jackson State"
"8844","2012-2013","Jacksonville"
"8845","2012-2013","Jacksonville State"
"8846","2012-2013","James Madison"
"8847","2012-2013","Kansas"
"8848","2012-2013","Kansas State"
"8849","2012-2013","Kennesaw State"
"8850","2012-2013","Kent State"
"8851","2012-2013","Kentucky"
"8852","2012-2013","La Salle"
"8853","2012-2013","Lafayette"
"8854","2012-2013","Lamar"
"8855","2012-2013","Lehigh"
"8856","2012-2013","Liberty"
"8857","2012-2013","Lipscomb"
"8858","2012-2013","Little Rock"
"8859","2012-2013","Long Beach State"
"8860","2012-2013","Long Island University"
"8861","2012-2013","Longwood"
"8862","2012-2013","Louisiana"
"8863","2012-2013","Louisiana-Monroe"
"8864","2012-2013","Louisiana State"
"8865","2012-2013","Louisiana Tech"
"8866","2012-2013","Louisville"
"8867","2012-2013","Loyola (IL)"
"8868","2012-2013","Loyola (MD)"
"8869","2012-2013","Loyola Marymount"
"8870","2012-2013","Maine"
"8871","2012-2013","Manhattan"
"8872","2012-2013","Marist"
"8873","2012-2013","Marquette"
"8874","2012-2013","Marshall"
"8875","2012-2013","Maryland"
"8876","2012-2013","Maryland-Baltimore County"
"8877","2012-2013","Maryland-Eastern Shore"
"8878","2012-2013","Massachusetts"
"8879","2012-2013","McNeese State"
"8880","2012-2013","Memphis"
"8881","2012-2013","Mercer"
"8882","2012-2013","Miami (FL)"
"8883","2012-2013","Miami (OH)"
"8884","2012-2013","Michigan"
"8885","2012-2013","Michigan State"
"8886","2012-2013","Middle Tennessee"
"8887","2012-2013","Milwaukee"
"8888","2012-2013","Minnesota"
"8889","2012-2013","Mississippi"
"8890","2012-2013","Mississippi State"
"8891","2012-2013","Mississippi Valley State"
"8892","2012-2013","Missouri"
"8893","2012-2013","Missouri-Kansas City"
"8894","2012-2013","Missouri State"
"8895","2012-2013","Monmouth"
"8896","2012-2013","Montana"
"8897","2012-2013","Montana State"
"8898","2012-2013","Morehead State"
"8899","2012-2013","Morgan State"
"8900","2012-2013","Mount St. Mary's"
"8901","2012-2013","Murray State"
"8902","2012-2013","Navy"
"8903","2012-2013","Nebraska"
"8904","2012-2013","Nevada"
"8905","2012-2013","Nevada-Las Vegas"
"8906","2012-2013","New Hampshire"
"8907","2012-2013","New Mexico"
"8908","2012-2013","New Mexico State"
"8909","2012-2013","New Orleans"
"8910","2012-2013","Niagara"
"8911","2012-2013","Nicholls State"
"8912","2012-2013","NJIT"
"8913","2012-2013","Norfolk State"
"8914","2012-2013","North Carolina"
"8915","2012-2013","North Carolina-Asheville"
"8916","2012-2013","North Carolina-Greensboro"
"8917","2012-2013","North Carolina-Wilmington"
"8918","2012-2013","North Carolina A&T"
"8919","2012-2013","North Carolina Central"
"8920","2012-2013","North Carolina State"
"8921","2012-2013","North Dakota"
"8922","2012-2013","North Dakota State"
"8923","2012-2013","North Florida"
"8924","2012-2013","North Texas"
"8925","2012-2013","Northeastern"
"8926","2012-2013","Northern Arizona"
"8927","2012-2013","Northern Colorado"
"8928","2012-2013","Northern Illinois"
"8929","2012-2013","Northern Iowa"
"8930","2012-2013","Northern Kentucky"
"8931","2012-2013","Northwestern"
"8932","2012-2013","Northwestern State"
"8933","2012-2013","Notre Dame"
"8934","2012-2013","Oakland"
"8935","2012-2013","Ohio"
"8936","2012-2013","Ohio State"
"8937","2012-2013","Oklahoma"
"8938","2012-2013","Oklahoma State"
"8939","2012-2013","Old Dominion"
"8940","2012-2013","Omaha"
"8941","2012-2013","Oral Roberts"
"8942","2012-2013","Oregon"
"8943","2012-2013","Oregon State"
"8944","2012-2013","Pacific"
"8945","2012-2013","Penn State"
"8946","2012-2013","Pennsylvania"
"8947","2012-2013","Pepperdine"
"8948","2012-2013","Pittsburgh"
"8949","2012-2013","Portland"
"8950","2012-2013","Portland State"
"8951","2012-2013","Prairie View"
"8952","2012-2013","Presbyterian"
"8953","2012-2013","Princeton"
"8954","2012-2013","Providence"
"8955","2012-2013","Purdue"
"8956","2012-2013","Quinnipiac"
"8957","2012-2013","Radford"
"8958","2012-2013","Rhode Island"
"8959","2012-2013","Rice"
"8960","2012-2013","Richmond"
"8961","2012-2013","Rider"
"8962","2012-2013","Robert Morris"
"8963","2012-2013","Rutgers"
"8964","2012-2013","Sacramento State"
"8965","2012-2013","Sacred Heart"
"8966","2012-2013","Saint Francis (PA)"
"8967","2012-2013","Saint Joseph's"
"8968","2012-2013","Saint Louis"
"8969","2012-2013","Saint Mary's (CA)"
"8970","2012-2013","Saint Peter's"
"8971","2012-2013","Sam Houston State"
"8972","2012-2013","Samford"
"8973","2012-2013","San Diego"
"8974","2012-2013","San Diego State"
"8975","2012-2013","San Francisco"
"8976","2012-2013","San Jose State"
"8977","2012-2013","Santa Clara"
"8978","2012-2013","Savannah State"
"8979","2012-2013","Seattle"
"8980","2012-2013","Seton Hall"
"8981","2012-2013","Siena"
"8982","2012-2013","SIU Edwardsville"
"8983","2012-2013","South Alabama"
"8984","2012-2013","South Carolina"
"8985","2012-2013","South Carolina State"
"8986","2012-2013","South Carolina Upstate"
"8987","2012-2013","South Dakota"
"8988","2012-2013","South Dakota State"
"8989","2012-2013","South Florida"
"8990","2012-2013","Southeast Missouri State"
"8991","2012-2013","Southeastern Louisiana"
"8992","2012-2013","Southern"
"8993","2012-2013","Southern California"
"8994","2012-2013","Southern Illinois"
"8995","2012-2013","Southern Methodist"
"8996","2012-2013","Southern Mississippi"
"8997","2012-2013","Southern Utah"
"8998","2012-2013","St. Bonaventure"
"8999","2012-2013","St. Francis (NY)"
"9000","2012-2013","St. John's (NY)"
"9001","2012-2013","Stanford"
"9002","2012-2013","Stephen F. Austin"
"9003","2012-2013","Stetson"
"9004","2012-2013","Stony Brook"
"9005","2012-2013","Syracuse"
"9006","2012-2013","Temple"
"9007","2012-2013","Tennessee"
"9008","2012-2013","Tennessee-Martin"
"9009","2012-2013","Tennessee State"
"9010","2012-2013","Tennessee Tech"
"9011","2012-2013","Texas"
"9012","2012-2013","Texas-Arlington"
"9013","2012-2013","Texas-El Paso"
"9014","2012-2013","Texas-Rio Grande Valley"
"9015","2012-2013","Texas-San Antonio"
"9016","2012-2013","Texas A&M"
"9017","2012-2013","Texas A&M-Corpus Christi"
"9018","2012-2013","Texas Christian"
"9019","2012-2013","Texas Southern"
"9020","2012-2013","Texas State"
"9021","2012-2013","Texas Tech"
"9022","2012-2013","Toledo"
"9023","2012-2013","Towson"
"9024","2012-2013","Troy"
"9025","2012-2013","Tulane"
"9026","2012-2013","Tulsa"
"9027","2012-2013","UC-Davis"
"9028","2012-2013","UC-Irvine"
"9029","2012-2013","UC-Riverside"
"9030","2012-2013","UC-Santa Barbara"
"9031","2012-2013","UCLA"
"9032","2012-2013","University of California"
"9033","2012-2013","Utah"
"9034","2012-2013","Utah State"
"9035","2012-2013","Utah Valley"
"9036","2012-2013","Valparaiso"
"9037","2012-2013","Vanderbilt"
"9038","2012-2013","Vermont"
"9039","2012-2013","Villanova"
"9040","2012-2013","Virginia"
"9041","2012-2013","Virginia Commonwealth"
"9042","2012-2013","Virginia Tech"
"9043","2012-2013","VMI"
"9044","2012-2013","Wagner"
"9045","2012-2013","Wake Forest"
"9046","2012-2013","Washington"
"9047","2012-2013","Washington State"
"9048","2012-2013","Weber State"
"9049","2012-2013","West Virginia"
"9050","2012-2013","Western Carolina"
"9051","2012-2013","Western Illinois"
"9052","2012-2013","Western Kentucky"
"9053","2012-2013","Western Michigan"
"9054","2012-2013","Wichita State"
"9055","2012-2013","William & Mary"
"9056","2012-2013","Winthrop"
"9057","2012-2013","Wisconsin"
"9058","2012-2013","Wofford"
"9059","2012-2013","Wright State"
"9060","2012-2013","Wyoming"
"9061","2012-2013","Xavier"
"9062","2012-2013","Yale"
"9063","2012-2013","Youngstown State"
"9064","2013-2014","Abilene Christian"
"9065","2013-2014","Air Force"
"9066","2013-2014","Akron"
"9067","2013-2014","Alabama"
"9068","2013-2014","Alabama-Birmingham"
"9069","2013-2014","Alabama A&M"
"9070","2013-2014","Alabama State"
"9071","2013-2014","Albany (NY)"
"9072","2013-2014","Alcorn State"
"9073","2013-2014","American"
"9074","2013-2014","Appalachian State"
"9075","2013-2014","Arizona"
"9076","2013-2014","Arizona State"
"9077","2013-2014","Arkansas"
"9078","2013-2014","Arkansas-Pine Bluff"
"9079","2013-2014","Arkansas State"
"9080","2013-2014","Army"
"9081","2013-2014","Auburn"
"9082","2013-2014","Austin Peay"
"9083","2013-2014","Ball State"
"9084","2013-2014","Baylor"
"9085","2013-2014","Belmont"
"9086","2013-2014","Bethune-Cookman"
"9087","2013-2014","Binghamton"
"9088","2013-2014","Boise State"
"9089","2013-2014","Boston College"
"9090","2013-2014","Boston University"
"9091","2013-2014","Bowling Green State"
"9092","2013-2014","Bradley"
"9093","2013-2014","Brigham Young"
"9094","2013-2014","Brown"
"9095","2013-2014","Bryant"
"9096","2013-2014","Bucknell"
"9097","2013-2014","Buffalo"
"9098","2013-2014","Butler"
"9099","2013-2014","Cal Poly"
"9100","2013-2014","Cal State Bakersfield"
"9101","2013-2014","Cal State Fullerton"
"9102","2013-2014","Cal State Northridge"
"9103","2013-2014","Campbell"
"9104","2013-2014","Canisius"
"9105","2013-2014","Central Arkansas"
"9106","2013-2014","Central Connecticut State"
"9107","2013-2014","Central Florida"
"9108","2013-2014","Central Michigan"
"9109","2013-2014","Charleston Southern"
"9110","2013-2014","Charlotte"
"9111","2013-2014","Chattanooga"
"9112","2013-2014","Chicago State"
"9113","2013-2014","Cincinnati"
"9114","2013-2014","Citadel"
"9115","2013-2014","Clemson"
"9116","2013-2014","Cleveland State"
"9117","2013-2014","Coastal Carolina"
"9118","2013-2014","Colgate"
"9119","2013-2014","College of Charleston"
"9120","2013-2014","Colorado"
"9121","2013-2014","Colorado State"
"9122","2013-2014","Columbia"
"9123","2013-2014","Connecticut"
"9124","2013-2014","Coppin State"
"9125","2013-2014","Cornell"
"9126","2013-2014","Creighton"
"9127","2013-2014","Dartmouth"
"9128","2013-2014","Davidson"
"9129","2013-2014","Dayton"
"9130","2013-2014","Delaware"
"9131","2013-2014","Delaware State"
"9132","2013-2014","Denver"
"9133","2013-2014","DePaul"
"9134","2013-2014","Detroit Mercy"
"9135","2013-2014","Drake"
"9136","2013-2014","Drexel"
"9137","2013-2014","Duke"
"9138","2013-2014","Duquesne"
"9139","2013-2014","East Carolina"
"9140","2013-2014","East Tennessee State"
"9141","2013-2014","Eastern Illinois"
"9142","2013-2014","Eastern Kentucky"
"9143","2013-2014","Eastern Michigan"
"9144","2013-2014","Eastern Washington"
"9145","2013-2014","Elon"
"9146","2013-2014","Evansville"
"9147","2013-2014","Fairfield"
"9148","2013-2014","Fairleigh Dickinson"
"9149","2013-2014","Florida"
"9150","2013-2014","Florida A&M"
"9151","2013-2014","Florida Atlantic"
"9152","2013-2014","Florida Gulf Coast"
"9153","2013-2014","Florida International"
"9154","2013-2014","Florida State"
"9155","2013-2014","Fordham"
"9156","2013-2014","Fort Wayne"
"9157","2013-2014","Fresno State"
"9158","2013-2014","Furman"
"9159","2013-2014","Gardner-Webb"
"9160","2013-2014","George Mason"
"9161","2013-2014","George Washington"
"9162","2013-2014","Georgetown"
"9163","2013-2014","Georgia"
"9164","2013-2014","Georgia Southern"
"9165","2013-2014","Georgia State"
"9166","2013-2014","Georgia Tech"
"9167","2013-2014","Gonzaga"
"9168","2013-2014","Grambling"
"9169","2013-2014","Grand Canyon"
"9170","2013-2014","Green Bay"
"9171","2013-2014","Hampton"
"9172","2013-2014","Hartford"
"9173","2013-2014","Harvard"
"9174","2013-2014","Hawaii"
"9175","2013-2014","High Point"
"9176","2013-2014","Hofstra"
"9177","2013-2014","Holy Cross"
"9178","2013-2014","Houston"
"9179","2013-2014","Houston Baptist"
"9180","2013-2014","Howard"
"9181","2013-2014","Idaho"
"9182","2013-2014","Idaho State"
"9183","2013-2014","Illinois"
"9184","2013-2014","Illinois-Chicago"
"9185","2013-2014","Illinois State"
"9186","2013-2014","Incarnate Word"
"9187","2013-2014","Indiana"
"9188","2013-2014","Indiana State"
"9189","2013-2014","Iona"
"9190","2013-2014","Iowa"
"9191","2013-2014","Iowa State"
"9192","2013-2014","IUPUI"
"9193","2013-2014","Jackson State"
"9194","2013-2014","Jacksonville"
"9195","2013-2014","Jacksonville State"
"9196","2013-2014","James Madison"
"9197","2013-2014","Kansas"
"9198","2013-2014","Kansas State"
"9199","2013-2014","Kennesaw State"
"9200","2013-2014","Kent State"
"9201","2013-2014","Kentucky"
"9202","2013-2014","La Salle"
"9203","2013-2014","Lafayette"
"9204","2013-2014","Lamar"
"9205","2013-2014","Lehigh"
"9206","2013-2014","Liberty"
"9207","2013-2014","Lipscomb"
"9208","2013-2014","Little Rock"
"9209","2013-2014","Long Beach State"
"9210","2013-2014","Long Island University"
"9211","2013-2014","Longwood"
"9212","2013-2014","Louisiana"
"9213","2013-2014","Louisiana-Monroe"
"9214","2013-2014","Louisiana State"
"9215","2013-2014","Louisiana Tech"
"9216","2013-2014","Louisville"
"9217","2013-2014","Loyola (IL)"
"9218","2013-2014","Loyola (MD)"
"9219","2013-2014","Loyola Marymount"
"9220","2013-2014","Maine"
"9221","2013-2014","Manhattan"
"9222","2013-2014","Marist"
"9223","2013-2014","Marquette"
"9224","2013-2014","Marshall"
"9225","2013-2014","Maryland"
"9226","2013-2014","Maryland-Baltimore County"
"9227","2013-2014","Maryland-Eastern Shore"
"9228","2013-2014","Massachusetts"
"9229","2013-2014","Massachusetts-Lowell"
"9230","2013-2014","McNeese State"
"9231","2013-2014","Memphis"
"9232","2013-2014","Mercer"
"9233","2013-2014","Miami (FL)"
"9234","2013-2014","Miami (OH)"
"9235","2013-2014","Michigan"
"9236","2013-2014","Michigan State"
"9237","2013-2014","Middle Tennessee"
"9238","2013-2014","Milwaukee"
"9239","2013-2014","Minnesota"
"9240","2013-2014","Mississippi"
"9241","2013-2014","Mississippi State"
"9242","2013-2014","Mississippi Valley State"
"9243","2013-2014","Missouri"
"9244","2013-2014","Missouri-Kansas City"
"9245","2013-2014","Missouri State"
"9246","2013-2014","Monmouth"
"9247","2013-2014","Montana"
"9248","2013-2014","Montana State"
"9249","2013-2014","Morehead State"
"9250","2013-2014","Morgan State"
"9251","2013-2014","Mount St. Mary's"
"9252","2013-2014","Murray State"
"9253","2013-2014","Navy"
"9254","2013-2014","Nebraska"
"9255","2013-2014","Nevada"
"9256","2013-2014","Nevada-Las Vegas"
"9257","2013-2014","New Hampshire"
"9258","2013-2014","New Mexico"
"9259","2013-2014","New Mexico State"
"9260","2013-2014","New Orleans"
"9261","2013-2014","Niagara"
"9262","2013-2014","Nicholls State"
"9263","2013-2014","NJIT"
"9264","2013-2014","Norfolk State"
"9265","2013-2014","North Carolina"
"9266","2013-2014","North Carolina-Asheville"
"9267","2013-2014","North Carolina-Greensboro"
"9268","2013-2014","North Carolina-Wilmington"
"9269","2013-2014","North Carolina A&T"
"9270","2013-2014","North Carolina Central"
"9271","2013-2014","North Carolina State"
"9272","2013-2014","North Dakota"
"9273","2013-2014","North Dakota State"
"9274","2013-2014","North Florida"
"9275","2013-2014","North Texas"
"9276","2013-2014","Northeastern"
"9277","2013-2014","Northern Arizona"
"9278","2013-2014","Northern Colorado"
"9279","2013-2014","Northern Illinois"
"9280","2013-2014","Northern Iowa"
"9281","2013-2014","Northern Kentucky"
"9282","2013-2014","Northwestern"
"9283","2013-2014","Northwestern State"
"9284","2013-2014","Notre Dame"
"9285","2013-2014","Oakland"
"9286","2013-2014","Ohio"
"9287","2013-2014","Ohio State"
"9288","2013-2014","Oklahoma"
"9289","2013-2014","Oklahoma State"
"9290","2013-2014","Old Dominion"
"9291","2013-2014","Omaha"
"9292","2013-2014","Oral Roberts"
"9293","2013-2014","Oregon"
"9294","2013-2014","Oregon State"
"9295","2013-2014","Pacific"
"9296","2013-2014","Penn State"
"9297","2013-2014","Pennsylvania"
"9298","2013-2014","Pepperdine"
"9299","2013-2014","Pittsburgh"
"9300","2013-2014","Portland"
"9301","2013-2014","Portland State"
"9302","2013-2014","Prairie View"
"9303","2013-2014","Presbyterian"
"9304","2013-2014","Princeton"
"9305","2013-2014","Providence"
"9306","2013-2014","Purdue"
"9307","2013-2014","Quinnipiac"
"9308","2013-2014","Radford"
"9309","2013-2014","Rhode Island"
"9310","2013-2014","Rice"
"9311","2013-2014","Richmond"
"9312","2013-2014","Rider"
"9313","2013-2014","Robert Morris"
"9314","2013-2014","Rutgers"
"9315","2013-2014","Sacramento State"
"9316","2013-2014","Sacred Heart"
"9317","2013-2014","Saint Francis (PA)"
"9318","2013-2014","Saint Joseph's"
"9319","2013-2014","Saint Louis"
"9320","2013-2014","Saint Mary's (CA)"
"9321","2013-2014","Saint Peter's"
"9322","2013-2014","Sam Houston State"
"9323","2013-2014","Samford"
"9324","2013-2014","San Diego"
"9325","2013-2014","San Diego State"
"9326","2013-2014","San Francisco"
"9327","2013-2014","San Jose State"
"9328","2013-2014","Santa Clara"
"9329","2013-2014","Savannah State"
"9330","2013-2014","Seattle"
"9331","2013-2014","Seton Hall"
"9332","2013-2014","Siena"
"9333","2013-2014","SIU Edwardsville"
"9334","2013-2014","South Alabama"
"9335","2013-2014","South Carolina"
"9336","2013-2014","South Carolina State"
"9337","2013-2014","South Carolina Upstate"
"9338","2013-2014","South Dakota"
"9339","2013-2014","South Dakota State"
"9340","2013-2014","South Florida"
"9341","2013-2014","Southeast Missouri State"
"9342","2013-2014","Southeastern Louisiana"
"9343","2013-2014","Southern"
"9344","2013-2014","Southern California"
"9345","2013-2014","Southern Illinois"
"9346","2013-2014","Southern Methodist"
"9347","2013-2014","Southern Mississippi"
"9348","2013-2014","Southern Utah"
"9349","2013-2014","St. Bonaventure"
"9350","2013-2014","St. Francis (NY)"
"9351","2013-2014","St. John's (NY)"
"9352","2013-2014","Stanford"
"9353","2013-2014","Stephen F. Austin"
"9354","2013-2014","Stetson"
"9355","2013-2014","Stony Brook"
"9356","2013-2014","Syracuse"
"9357","2013-2014","Temple"
"9358","2013-2014","Tennessee"
"9359","2013-2014","Tennessee-Martin"
"9360","2013-2014","Tennessee State"
"9361","2013-2014","Tennessee Tech"
"9362","2013-2014","Texas"
"9363","2013-2014","Texas-Arlington"
"9364","2013-2014","Texas-El Paso"
"9365","2013-2014","Texas-Rio Grande Valley"
"9366","2013-2014","Texas-San Antonio"
"9367","2013-2014","Texas A&M"
"9368","2013-2014","Texas A&M-Corpus Christi"
"9369","2013-2014","Texas Christian"
"9370","2013-2014","Texas Southern"
"9371","2013-2014","Texas State"
"9372","2013-2014","Texas Tech"
"9373","2013-2014","Toledo"
"9374","2013-2014","Towson"
"9375","2013-2014","Troy"
"9376","2013-2014","Tulane"
"9377","2013-2014","Tulsa"
"9378","2013-2014","UC-Davis"
"9379","2013-2014","UC-Irvine"
"9380","2013-2014","UC-Riverside"
"9381","2013-2014","UC-Santa Barbara"
"9382","2013-2014","UCLA"
"9383","2013-2014","University of California"
"9384","2013-2014","Utah"
"9385","2013-2014","Utah State"
"9386","2013-2014","Utah Valley"
"9387","2013-2014","Valparaiso"
"9388","2013-2014","Vanderbilt"
"9389","2013-2014","Vermont"
"9390","2013-2014","Villanova"
"9391","2013-2014","Virginia"
"9392","2013-2014","Virginia Commonwealth"
"9393","2013-2014","Virginia Tech"
"9394","2013-2014","VMI"
"9395","2013-2014","Wagner"
"9396","2013-2014","Wake Forest"
"9397","2013-2014","Washington"
"9398","2013-2014","Washington State"
"9399","2013-2014","Weber State"
"9400","2013-2014","West Virginia"
"9401","2013-2014","Western Carolina"
"9402","2013-2014","Western Illinois"
"9403","2013-2014","Western Kentucky"
"9404","2013-2014","Western Michigan"
"9405","2013-2014","Wichita State"
"9406","2013-2014","William & Mary"
"9407","2013-2014","Winthrop"
"9408","2013-2014","Wisconsin"
"9409","2013-2014","Wofford"
"9410","2013-2014","Wright State"
"9411","2013-2014","Wyoming"
"9412","2013-2014","Xavier"
"9413","2013-2014","Yale"
"9414","2013-2014","Youngstown State"
"9415","2014-2015","Abilene Christian"
"9416","2014-2015","Air Force"
"9417","2014-2015","Akron"
"9418","2014-2015","Alabama"
"9419","2014-2015","Alabama-Birmingham"
"9420","2014-2015","Alabama A&M"
"9421","2014-2015","Alabama State"
"9422","2014-2015","Albany (NY)"
"9423","2014-2015","Alcorn State"
"9424","2014-2015","American"
"9425","2014-2015","Appalachian State"
"9426","2014-2015","Arizona"
"9427","2014-2015","Arizona State"
"9428","2014-2015","Arkansas"
"9429","2014-2015","Arkansas-Pine Bluff"
"9430","2014-2015","Arkansas State"
"9431","2014-2015","Army"
"9432","2014-2015","Auburn"
"9433","2014-2015","Austin Peay"
"9434","2014-2015","Ball State"
"9435","2014-2015","Baylor"
"9436","2014-2015","Belmont"
"9437","2014-2015","Bethune-Cookman"
"9438","2014-2015","Binghamton"
"9439","2014-2015","Boise State"
"9440","2014-2015","Boston College"
"9441","2014-2015","Boston University"
"9442","2014-2015","Bowling Green State"
"9443","2014-2015","Bradley"
"9444","2014-2015","Brigham Young"
"9445","2014-2015","Brown"
"9446","2014-2015","Bryant"
"9447","2014-2015","Bucknell"
"9448","2014-2015","Buffalo"
"9449","2014-2015","Butler"
"9450","2014-2015","Cal Poly"
"9451","2014-2015","Cal State Bakersfield"
"9452","2014-2015","Cal State Fullerton"
"9453","2014-2015","Cal State Northridge"
"9454","2014-2015","Campbell"
"9455","2014-2015","Canisius"
"9456","2014-2015","Central Arkansas"
"9457","2014-2015","Central Connecticut State"
"9458","2014-2015","Central Florida"
"9459","2014-2015","Central Michigan"
"9460","2014-2015","Charleston Southern"
"9461","2014-2015","Charlotte"
"9462","2014-2015","Chattanooga"
"9463","2014-2015","Chicago State"
"9464","2014-2015","Cincinnati"
"9465","2014-2015","Citadel"
"9466","2014-2015","Clemson"
"9467","2014-2015","Cleveland State"
"9468","2014-2015","Coastal Carolina"
"9469","2014-2015","Colgate"
"9470","2014-2015","College of Charleston"
"9471","2014-2015","Colorado"
"9472","2014-2015","Colorado State"
"9473","2014-2015","Columbia"
"9474","2014-2015","Connecticut"
"9475","2014-2015","Coppin State"
"9476","2014-2015","Cornell"
"9477","2014-2015","Creighton"
"9478","2014-2015","Dartmouth"
"9479","2014-2015","Davidson"
"9480","2014-2015","Dayton"
"9481","2014-2015","Delaware"
"9482","2014-2015","Delaware State"
"9483","2014-2015","Denver"
"9484","2014-2015","DePaul"
"9485","2014-2015","Detroit Mercy"
"9486","2014-2015","Drake"
"9487","2014-2015","Drexel"
"9488","2014-2015","Duke"
"9489","2014-2015","Duquesne"
"9490","2014-2015","East Carolina"
"9491","2014-2015","East Tennessee State"
"9492","2014-2015","Eastern Illinois"
"9493","2014-2015","Eastern Kentucky"
"9494","2014-2015","Eastern Michigan"
"9495","2014-2015","Eastern Washington"
"9496","2014-2015","Elon"
"9497","2014-2015","Evansville"
"9498","2014-2015","Fairfield"
"9499","2014-2015","Fairleigh Dickinson"
"9500","2014-2015","Florida"
"9501","2014-2015","Florida A&M"
"9502","2014-2015","Florida Atlantic"
"9503","2014-2015","Florida Gulf Coast"
"9504","2014-2015","Florida International"
"9505","2014-2015","Florida State"
"9506","2014-2015","Fordham"
"9507","2014-2015","Fort Wayne"
"9508","2014-2015","Fresno State"
"9509","2014-2015","Furman"
"9510","2014-2015","Gardner-Webb"
"9511","2014-2015","George Mason"
"9512","2014-2015","George Washington"
"9513","2014-2015","Georgetown"
"9514","2014-2015","Georgia"
"9515","2014-2015","Georgia Southern"
"9516","2014-2015","Georgia State"
"9517","2014-2015","Georgia Tech"
"9518","2014-2015","Gonzaga"
"9519","2014-2015","Grambling"
"9520","2014-2015","Grand Canyon"
"9521","2014-2015","Green Bay"
"9522","2014-2015","Hampton"
"9523","2014-2015","Hartford"
"9524","2014-2015","Harvard"
"9525","2014-2015","Hawaii"
"9526","2014-2015","High Point"
"9527","2014-2015","Hofstra"
"9528","2014-2015","Holy Cross"
"9529","2014-2015","Houston"
"9530","2014-2015","Houston Baptist"
"9531","2014-2015","Howard"
"9532","2014-2015","Idaho"
"9533","2014-2015","Idaho State"
"9534","2014-2015","Illinois"
"9535","2014-2015","Illinois-Chicago"
"9536","2014-2015","Illinois State"
"9537","2014-2015","Incarnate Word"
"9538","2014-2015","Indiana"
"9539","2014-2015","Indiana State"
"9540","2014-2015","Iona"
"9541","2014-2015","Iowa"
"9542","2014-2015","Iowa State"
"9543","2014-2015","IUPUI"
"9544","2014-2015","Jackson State"
"9545","2014-2015","Jacksonville"
"9546","2014-2015","Jacksonville State"
"9547","2014-2015","James Madison"
"9548","2014-2015","Kansas"
"9549","2014-2015","Kansas State"
"9550","2014-2015","Kennesaw State"
"9551","2014-2015","Kent State"
"9552","2014-2015","Kentucky"
"9553","2014-2015","La Salle"
"9554","2014-2015","Lafayette"
"9555","2014-2015","Lamar"
"9556","2014-2015","Lehigh"
"9557","2014-2015","Liberty"
"9558","2014-2015","Lipscomb"
"9559","2014-2015","Little Rock"
"9560","2014-2015","Long Beach State"
"9561","2014-2015","Long Island University"
"9562","2014-2015","Longwood"
"9563","2014-2015","Louisiana"
"9564","2014-2015","Louisiana-Monroe"
"9565","2014-2015","Louisiana State"
"9566","2014-2015","Louisiana Tech"
"9567","2014-2015","Louisville"
"9568","2014-2015","Loyola (IL)"
"9569","2014-2015","Loyola (MD)"
"9570","2014-2015","Loyola Marymount"
"9571","2014-2015","Maine"
"9572","2014-2015","Manhattan"
"9573","2014-2015","Marist"
"9574","2014-2015","Marquette"
"9575","2014-2015","Marshall"
"9576","2014-2015","Maryland"
"9577","2014-2015","Maryland-Baltimore County"
"9578","2014-2015","Maryland-Eastern Shore"
"9579","2014-2015","Massachusetts"
"9580","2014-2015","Massachusetts-Lowell"
"9581","2014-2015","McNeese State"
"9582","2014-2015","Memphis"
"9583","2014-2015","Mercer"
"9584","2014-2015","Miami (FL)"
"9585","2014-2015","Miami (OH)"
"9586","2014-2015","Michigan"
"9587","2014-2015","Michigan State"
"9588","2014-2015","Middle Tennessee"
"9589","2014-2015","Milwaukee"
"9590","2014-2015","Minnesota"
"9591","2014-2015","Mississippi"
"9592","2014-2015","Mississippi State"
"9593","2014-2015","Mississippi Valley State"
"9594","2014-2015","Missouri"
"9595","2014-2015","Missouri-Kansas City"
"9596","2014-2015","Missouri State"
"9597","2014-2015","Monmouth"
"9598","2014-2015","Montana"
"9599","2014-2015","Montana State"
"9600","2014-2015","Morehead State"
"9601","2014-2015","Morgan State"
"9602","2014-2015","Mount St. Mary's"
"9603","2014-2015","Murray State"
"9604","2014-2015","Navy"
"9605","2014-2015","Nebraska"
"9606","2014-2015","Nevada"
"9607","2014-2015","Nevada-Las Vegas"
"9608","2014-2015","New Hampshire"
"9609","2014-2015","New Mexico"
"9610","2014-2015","New Mexico State"
"9611","2014-2015","New Orleans"
"9612","2014-2015","Niagara"
"9613","2014-2015","Nicholls State"
"9614","2014-2015","NJIT"
"9615","2014-2015","Norfolk State"
"9616","2014-2015","North Carolina"
"9617","2014-2015","North Carolina-Asheville"
"9618","2014-2015","North Carolina-Greensboro"
"9619","2014-2015","North Carolina-Wilmington"
"9620","2014-2015","North Carolina A&T"
"9621","2014-2015","North Carolina Central"
"9622","2014-2015","North Carolina State"
"9623","2014-2015","North Dakota"
"9624","2014-2015","North Dakota State"
"9625","2014-2015","North Florida"
"9626","2014-2015","North Texas"
"9627","2014-2015","Northeastern"
"9628","2014-2015","Northern Arizona"
"9629","2014-2015","Northern Colorado"
"9630","2014-2015","Northern Illinois"
"9631","2014-2015","Northern Iowa"
"9632","2014-2015","Northern Kentucky"
"9633","2014-2015","Northwestern"
"9634","2014-2015","Northwestern State"
"9635","2014-2015","Notre Dame"
"9636","2014-2015","Oakland"
"9637","2014-2015","Ohio"
"9638","2014-2015","Ohio State"
"9639","2014-2015","Oklahoma"
"9640","2014-2015","Oklahoma State"
"9641","2014-2015","Old Dominion"
"9642","2014-2015","Omaha"
"9643","2014-2015","Oral Roberts"
"9644","2014-2015","Oregon"
"9645","2014-2015","Oregon State"
"9646","2014-2015","Pacific"
"9647","2014-2015","Penn State"
"9648","2014-2015","Pennsylvania"
"9649","2014-2015","Pepperdine"
"9650","2014-2015","Pittsburgh"
"9651","2014-2015","Portland"
"9652","2014-2015","Portland State"
"9653","2014-2015","Prairie View"
"9654","2014-2015","Presbyterian"
"9655","2014-2015","Princeton"
"9656","2014-2015","Providence"
"9657","2014-2015","Purdue"
"9658","2014-2015","Quinnipiac"
"9659","2014-2015","Radford"
"9660","2014-2015","Rhode Island"
"9661","2014-2015","Rice"
"9662","2014-2015","Richmond"
"9663","2014-2015","Rider"
"9664","2014-2015","Robert Morris"
"9665","2014-2015","Rutgers"
"9666","2014-2015","Sacramento State"
"9667","2014-2015","Sacred Heart"
"9668","2014-2015","Saint Francis (PA)"
"9669","2014-2015","Saint Joseph's"
"9670","2014-2015","Saint Louis"
"9671","2014-2015","Saint Mary's (CA)"
"9672","2014-2015","Saint Peter's"
"9673","2014-2015","Sam Houston State"
"9674","2014-2015","Samford"
"9675","2014-2015","San Diego"
"9676","2014-2015","San Diego State"
"9677","2014-2015","San Francisco"
"9678","2014-2015","San Jose State"
"9679","2014-2015","Santa Clara"
"9680","2014-2015","Savannah State"
"9681","2014-2015","Seattle"
"9682","2014-2015","Seton Hall"
"9683","2014-2015","Siena"
"9684","2014-2015","SIU Edwardsville"
"9685","2014-2015","South Alabama"
"9686","2014-2015","South Carolina"
"9687","2014-2015","South Carolina State"
"9688","2014-2015","South Carolina Upstate"
"9689","2014-2015","South Dakota"
"9690","2014-2015","South Dakota State"
"9691","2014-2015","South Florida"
"9692","2014-2015","Southeast Missouri State"
"9693","2014-2015","Southeastern Louisiana"
"9694","2014-2015","Southern"
"9695","2014-2015","Southern California"
"9696","2014-2015","Southern Illinois"
"9697","2014-2015","Southern Methodist"
"9698","2014-2015","Southern Mississippi"
"9699","2014-2015","Southern Utah"
"9700","2014-2015","St. Bonaventure"
"9701","2014-2015","St. Francis (NY)"
"9702","2014-2015","St. John's (NY)"
"9703","2014-2015","Stanford"
"9704","2014-2015","Stephen F. Austin"
"9705","2014-2015","Stetson"
"9706","2014-2015","Stony Brook"
"9707","2014-2015","Syracuse"
"9708","2014-2015","Temple"
"9709","2014-2015","Tennessee"
"9710","2014-2015","Tennessee-Martin"
"9711","2014-2015","Tennessee State"
"9712","2014-2015","Tennessee Tech"
"9713","2014-2015","Texas"
"9714","2014-2015","Texas-Arlington"
"9715","2014-2015","Texas-El Paso"
"9716","2014-2015","Texas-Rio Grande Valley"
"9717","2014-2015","Texas-San Antonio"
"9718","2014-2015","Texas A&M"
"9719","2014-2015","Texas A&M-Corpus Christi"
"9720","2014-2015","Texas Christian"
"9721","2014-2015","Texas Southern"
"9722","2014-2015","Texas State"
"9723","2014-2015","Texas Tech"
"9724","2014-2015","Toledo"
"9725","2014-2015","Towson"
"9726","2014-2015","Troy"
"9727","2014-2015","Tulane"
"9728","2014-2015","Tulsa"
"9729","2014-2015","UC-Davis"
"9730","2014-2015","UC-Irvine"
"9731","2014-2015","UC-Riverside"
"9732","2014-2015","UC-Santa Barbara"
"9733","2014-2015","UCLA"
"9734","2014-2015","University of California"
"9735","2014-2015","Utah"
"9736","2014-2015","Utah State"
"9737","2014-2015","Utah Valley"
"9738","2014-2015","Valparaiso"
"9739","2014-2015","Vanderbilt"
"9740","2014-2015","Vermont"
"9741","2014-2015","Villanova"
"9742","2014-2015","Virginia"
"9743","2014-2015","Virginia Commonwealth"
"9744","2014-2015","Virginia Tech"
"9745","2014-2015","VMI"
"9746","2014-2015","Wagner"
"9747","2014-2015","Wake Forest"
"9748","2014-2015","Washington"
"9749","2014-2015","Washington State"
"9750","2014-2015","Weber State"
"9751","2014-2015","West Virginia"
"9752","2014-2015","Western Carolina"
"9753","2014-2015","Western Illinois"
"9754","2014-2015","Western Kentucky"
"9755","2014-2015","Western Michigan"
"9756","2014-2015","Wichita State"
"9757","2014-2015","William & Mary"
"9758","2014-2015","Winthrop"
"9759","2014-2015","Wisconsin"
"9760","2014-2015","Wofford"
"9761","2014-2015","Wright State"
"9762","2014-2015","Wyoming"
"9763","2014-2015","Xavier"
"9764","2014-2015","Yale"
"9765","2014-2015","Youngstown State"
"9766","2015-2016","Abilene Christian"
"9767","2015-2016","Air Force"
"9768","2015-2016","Akron"
"9769","2015-2016","Alabama"
"9770","2015-2016","Alabama-Birmingham"
"9771","2015-2016","Alabama A&M"
"9772","2015-2016","Alabama State"
"9773","2015-2016","Albany (NY)"
"9774","2015-2016","Alcorn State"
"9775","2015-2016","American"
"9776","2015-2016","Appalachian State"
"9777","2015-2016","Arizona"
"9778","2015-2016","Arizona State"
"9779","2015-2016","Arkansas"
"9780","2015-2016","Arkansas-Pine Bluff"
"9781","2015-2016","Arkansas State"
"9782","2015-2016","Army"
"9783","2015-2016","Auburn"
"9784","2015-2016","Austin Peay"
"9785","2015-2016","Ball State"
"9786","2015-2016","Baylor"
"9787","2015-2016","Belmont"
"9788","2015-2016","Bethune-Cookman"
"9789","2015-2016","Binghamton"
"9790","2015-2016","Boise State"
"9791","2015-2016","Boston College"
"9792","2015-2016","Boston University"
"9793","2015-2016","Bowling Green State"
"9794","2015-2016","Bradley"
"9795","2015-2016","Brigham Young"
"9796","2015-2016","Brown"
"9797","2015-2016","Bryant"
"9798","2015-2016","Bucknell"
"9799","2015-2016","Buffalo"
"9800","2015-2016","Butler"
"9801","2015-2016","Cal Poly"
"9802","2015-2016","Cal State Bakersfield"
"9803","2015-2016","Cal State Fullerton"
"9804","2015-2016","Cal State Northridge"
"9805","2015-2016","Campbell"
"9806","2015-2016","Canisius"
"9807","2015-2016","Central Arkansas"
"9808","2015-2016","Central Connecticut State"
"9809","2015-2016","Central Florida"
"9810","2015-2016","Central Michigan"
"9811","2015-2016","Charleston Southern"
"9812","2015-2016","Charlotte"
"9813","2015-2016","Chattanooga"
"9814","2015-2016","Chicago State"
"9815","2015-2016","Cincinnati"
"9816","2015-2016","Citadel"
"9817","2015-2016","Clemson"
"9818","2015-2016","Cleveland State"
"9819","2015-2016","Coastal Carolina"
"9820","2015-2016","Colgate"
"9821","2015-2016","College of Charleston"
"9822","2015-2016","Colorado"
"9823","2015-2016","Colorado State"
"9824","2015-2016","Columbia"
"9825","2015-2016","Connecticut"
"9826","2015-2016","Coppin State"
"9827","2015-2016","Cornell"
"9828","2015-2016","Creighton"
"9829","2015-2016","Dartmouth"
"9830","2015-2016","Davidson"
"9831","2015-2016","Dayton"
"9832","2015-2016","Delaware"
"9833","2015-2016","Delaware State"
"9834","2015-2016","Denver"
"9835","2015-2016","DePaul"
"9836","2015-2016","Detroit Mercy"
"9837","2015-2016","Drake"
"9838","2015-2016","Drexel"
"9839","2015-2016","Duke"
"9840","2015-2016","Duquesne"
"9841","2015-2016","East Carolina"
"9842","2015-2016","East Tennessee State"
"9843","2015-2016","Eastern Illinois"
"9844","2015-2016","Eastern Kentucky"
"9845","2015-2016","Eastern Michigan"
"9846","2015-2016","Eastern Washington"
"9847","2015-2016","Elon"
"9848","2015-2016","Evansville"
"9849","2015-2016","Fairfield"
"9850","2015-2016","Fairleigh Dickinson"
"9851","2015-2016","Florida"
"9852","2015-2016","Florida A&M"
"9853","2015-2016","Florida Atlantic"
"9854","2015-2016","Florida Gulf Coast"
"9855","2015-2016","Florida International"
"9856","2015-2016","Florida State"
"9857","2015-2016","Fordham"
"9858","2015-2016","Fort Wayne"
"9859","2015-2016","Fresno State"
"9860","2015-2016","Furman"
"9861","2015-2016","Gardner-Webb"
"9862","2015-2016","George Mason"
"9863","2015-2016","George Washington"
"9864","2015-2016","Georgetown"
"9865","2015-2016","Georgia"
"9866","2015-2016","Georgia Southern"
"9867","2015-2016","Georgia State"
"9868","2015-2016","Georgia Tech"
"9869","2015-2016","Gonzaga"
"9870","2015-2016","Grambling"
"9871","2015-2016","Grand Canyon"
"9872","2015-2016","Green Bay"
"9873","2015-2016","Hampton"
"9874","2015-2016","Hartford"
"9875","2015-2016","Harvard"
"9876","2015-2016","Hawaii"
"9877","2015-2016","High Point"
"9878","2015-2016","Hofstra"
"9879","2015-2016","Holy Cross"
"9880","2015-2016","Houston"
"9881","2015-2016","Houston Baptist"
"9882","2015-2016","Howard"
"9883","2015-2016","Idaho"
"9884","2015-2016","Idaho State"
"9885","2015-2016","Illinois"
"9886","2015-2016","Illinois-Chicago"
"9887","2015-2016","Illinois State"
"9888","2015-2016","Incarnate Word"
"9889","2015-2016","Indiana"
"9890","2015-2016","Indiana State"
"9891","2015-2016","Iona"
"9892","2015-2016","Iowa"
"9893","2015-2016","Iowa State"
"9894","2015-2016","IUPUI"
"9895","2015-2016","Jackson State"
"9896","2015-2016","Jacksonville"
"9897","2015-2016","Jacksonville State"
"9898","2015-2016","James Madison"
"9899","2015-2016","Kansas"
"9900","2015-2016","Kansas State"
"9901","2015-2016","Kennesaw State"
"9902","2015-2016","Kent State"
"9903","2015-2016","Kentucky"
"9904","2015-2016","La Salle"
"9905","2015-2016","Lafayette"
"9906","2015-2016","Lamar"
"9907","2015-2016","Lehigh"
"9908","2015-2016","Liberty"
"9909","2015-2016","Lipscomb"
"9910","2015-2016","Little Rock"
"9911","2015-2016","Long Beach State"
"9912","2015-2016","Long Island University"
"9913","2015-2016","Longwood"
"9914","2015-2016","Louisiana"
"9915","2015-2016","Louisiana-Monroe"
"9916","2015-2016","Louisiana State"
"9917","2015-2016","Louisiana Tech"
"9918","2015-2016","Louisville"
"9919","2015-2016","Loyola (IL)"
"9920","2015-2016","Loyola (MD)"
"9921","2015-2016","Loyola Marymount"
"9922","2015-2016","Maine"
"9923","2015-2016","Manhattan"
"9924","2015-2016","Marist"
"9925","2015-2016","Marquette"
"9926","2015-2016","Marshall"
"9927","2015-2016","Maryland"
"9928","2015-2016","Maryland-Baltimore County"
"9929","2015-2016","Maryland-Eastern Shore"
"9930","2015-2016","Massachusetts"
"9931","2015-2016","Massachusetts-Lowell"
"9932","2015-2016","McNeese State"
"9933","2015-2016","Memphis"
"9934","2015-2016","Mercer"
"9935","2015-2016","Miami (FL)"
"9936","2015-2016","Miami (OH)"
"9937","2015-2016","Michigan"
"9938","2015-2016","Michigan State"
"9939","2015-2016","Middle Tennessee"
"9940","2015-2016","Milwaukee"
"9941","2015-2016","Minnesota"
"9942","2015-2016","Mississippi"
"9943","2015-2016","Mississippi State"
"9944","2015-2016","Mississippi Valley State"
"9945","2015-2016","Missouri"
"9946","2015-2016","Missouri-Kansas City"
"9947","2015-2016","Missouri State"
"9948","2015-2016","Monmouth"
"9949","2015-2016","Montana"
"9950","2015-2016","Montana State"
"9951","2015-2016","Morehead State"
"9952","2015-2016","Morgan State"
"9953","2015-2016","Mount St. Mary's"
"9954","2015-2016","Murray State"
"9955","2015-2016","Navy"
"9956","2015-2016","Nebraska"
"9957","2015-2016","Nevada"
"9958","2015-2016","Nevada-Las Vegas"
"9959","2015-2016","New Hampshire"
"9960","2015-2016","New Mexico"
"9961","2015-2016","New Mexico State"
"9962","2015-2016","New Orleans"
"9963","2015-2016","Niagara"
"9964","2015-2016","Nicholls State"
"9965","2015-2016","NJIT"
"9966","2015-2016","Norfolk State"
"9967","2015-2016","North Carolina"
"9968","2015-2016","North Carolina-Asheville"
"9969","2015-2016","North Carolina-Greensboro"
"9970","2015-2016","North Carolina-Wilmington"
"9971","2015-2016","North Carolina A&T"
"9972","2015-2016","North Carolina Central"
"9973","2015-2016","North Carolina State"
"9974","2015-2016","North Dakota"
"9975","2015-2016","North Dakota State"
"9976","2015-2016","North Florida"
"9977","2015-2016","North Texas"
"9978","2015-2016","Northeastern"
"9979","2015-2016","Northern Arizona"
"9980","2015-2016","Northern Colorado"
"9981","2015-2016","Northern Illinois"
"9982","2015-2016","Northern Iowa"
"9983","2015-2016","Northern Kentucky"
"9984","2015-2016","Northwestern"
"9985","2015-2016","Northwestern State"
"9986","2015-2016","Notre Dame"
"9987","2015-2016","Oakland"
"9988","2015-2016","Ohio"
"9989","2015-2016","Ohio State"
"9990","2015-2016","Oklahoma"
"9991","2015-2016","Oklahoma State"
"9992","2015-2016","Old Dominion"
"9993","2015-2016","Omaha"
"9994","2015-2016","Oral Roberts"
"9995","2015-2016","Oregon"
"9996","2015-2016","Oregon State"
"9997","2015-2016","Pacific"
"9998","2015-2016","Penn State"
"9999","2015-2016","Pennsylvania"
"10000","2015-2016","Pepperdine"
"10001","2015-2016","Pittsburgh"
"10002","2015-2016","Portland"
"10003","2015-2016","Portland State"
"10004","2015-2016","Prairie View"
"10005","2015-2016","Presbyterian"
"10006","2015-2016","Princeton"
"10007","2015-2016","Providence"
"10008","2015-2016","Purdue"
"10009","2015-2016","Quinnipiac"
"10010","2015-2016","Radford"
"10011","2015-2016","Rhode Island"
"10012","2015-2016","Rice"
"10013","2015-2016","Richmond"
"10014","2015-2016","Rider"
"10015","2015-2016","Robert Morris"
"10016","2015-2016","Rutgers"
"10017","2015-2016","Sacramento State"
"10018","2015-2016","Sacred Heart"
"10019","2015-2016","Saint Francis (PA)"
"10020","2015-2016","Saint Joseph's"
"10021","2015-2016","Saint Louis"
"10022","2015-2016","Saint Mary's (CA)"
"10023","2015-2016","Saint Peter's"
"10024","2015-2016","Sam Houston State"
"10025","2015-2016","Samford"
"10026","2015-2016","San Diego"
"10027","2015-2016","San Diego State"
"10028","2015-2016","San Francisco"
"10029","2015-2016","San Jose State"
"10030","2015-2016","Santa Clara"
"10031","2015-2016","Savannah State"
"10032","2015-2016","Seattle"
"10033","2015-2016","Seton Hall"
"10034","2015-2016","Siena"
"10035","2015-2016","SIU Edwardsville"
"10036","2015-2016","South Alabama"
"10037","2015-2016","South Carolina"
"10038","2015-2016","South Carolina State"
"10039","2015-2016","South Carolina Upstate"
"10040","2015-2016","South Dakota"
"10041","2015-2016","South Dakota State"
"10042","2015-2016","South Florida"
"10043","2015-2016","Southeast Missouri State"
"10044","2015-2016","Southeastern Louisiana"
"10045","2015-2016","Southern"
"10046","2015-2016","Southern California"
"10047","2015-2016","Southern Illinois"
"10048","2015-2016","Southern Methodist"
"10049","2015-2016","Southern Mississippi"
"10050","2015-2016","Southern Utah"
"10051","2015-2016","St. Bonaventure"
"10052","2015-2016","St. Francis (NY)"
"10053","2015-2016","St. John's (NY)"
"10054","2015-2016","Stanford"
"10055","2015-2016","Stephen F. Austin"
"10056","2015-2016","Stetson"
"10057","2015-2016","Stony Brook"
"10058","2015-2016","Syracuse"
"10059","2015-2016","Temple"
"10060","2015-2016","Tennessee"
"10061","2015-2016","Tennessee-Martin"
"10062","2015-2016","Tennessee State"
"10063","2015-2016","Tennessee Tech"
"10064","2015-2016","Texas"
"10065","2015-2016","Texas-Arlington"
"10066","2015-2016","Texas-El Paso"
"10067","2015-2016","Texas-Rio Grande Valley"
"10068","2015-2016","Texas-San Antonio"
"10069","2015-2016","Texas A&M"
"10070","2015-2016","Texas A&M-Corpus Christi"
"10071","2015-2016","Texas Christian"
"10072","2015-2016","Texas Southern"
"10073","2015-2016","Texas State"
"10074","2015-2016","Texas Tech"
"10075","2015-2016","Toledo"
"10076","2015-2016","Towson"
"10077","2015-2016","Troy"
"10078","2015-2016","Tulane"
"10079","2015-2016","Tulsa"
"10080","2015-2016","UC-Davis"
"10081","2015-2016","UC-Irvine"
"10082","2015-2016","UC-Riverside"
"10083","2015-2016","UC-Santa Barbara"
"10084","2015-2016","UCLA"
"10085","2015-2016","University of California"
"10086","2015-2016","Utah"
"10087","2015-2016","Utah State"
"10088","2015-2016","Utah Valley"
"10089","2015-2016","Valparaiso"
"10090","2015-2016","Vanderbilt"
"10091","2015-2016","Vermont"
"10092","2015-2016","Villanova"
"10093","2015-2016","Virginia"
"10094","2015-2016","Virginia Commonwealth"
"10095","2015-2016","Virginia Tech"
"10096","2015-2016","VMI"
"10097","2015-2016","Wagner"
"10098","2015-2016","Wake Forest"
"10099","2015-2016","Washington"
"10100","2015-2016","Washington State"
"10101","2015-2016","Weber State"
"10102","2015-2016","West Virginia"
"10103","2015-2016","Western Carolina"
"10104","2015-2016","Western Illinois"
"10105","2015-2016","Western Kentucky"
"10106","2015-2016","Western Michigan"
"10107","2015-2016","Wichita State"
"10108","2015-2016","William & Mary"
"10109","2015-2016","Winthrop"
"10110","2015-2016","Wisconsin"
"10111","2015-2016","Wofford"
"10112","2015-2016","Wright State"
"10113","2015-2016","Wyoming"
"10114","2015-2016","Xavier"
"10115","2015-2016","Yale"
"10116","2015-2016","Youngstown State"
"10117","2016-2017","Abilene Christian"
"10118","2016-2017","Air Force"
"10119","2016-2017","Akron"
"10120","2016-2017","Alabama"
"10121","2016-2017","Alabama-Birmingham"
"10122","2016-2017","Alabama A&M"
"10123","2016-2017","Alabama State"
"10124","2016-2017","Albany (NY)"
"10125","2016-2017","Alcorn State"
"10126","2016-2017","American"
"10127","2016-2017","Appalachian State"
"10128","2016-2017","Arizona"
"10129","2016-2017","Arizona State"
"10130","2016-2017","Arkansas"
"10131","2016-2017","Arkansas-Pine Bluff"
"10132","2016-2017","Arkansas State"
"10133","2016-2017","Army"
"10134","2016-2017","Auburn"
"10135","2016-2017","Austin Peay"
"10136","2016-2017","Ball State"
"10137","2016-2017","Baylor"
"10138","2016-2017","Belmont"
"10139","2016-2017","Bethune-Cookman"
"10140","2016-2017","Binghamton"
"10141","2016-2017","Boise State"
"10142","2016-2017","Boston College"
"10143","2016-2017","Boston University"
"10144","2016-2017","Bowling Green State"
"10145","2016-2017","Bradley"
"10146","2016-2017","Brigham Young"
"10147","2016-2017","Brown"
"10148","2016-2017","Bryant"
"10149","2016-2017","Bucknell"
"10150","2016-2017","Buffalo"
"10151","2016-2017","Butler"
"10152","2016-2017","Cal Poly"
"10153","2016-2017","Cal State Bakersfield"
"10154","2016-2017","Cal State Fullerton"
"10155","2016-2017","Cal State Northridge"
"10156","2016-2017","Campbell"
"10157","2016-2017","Canisius"
"10158","2016-2017","Central Arkansas"
"10159","2016-2017","Central Connecticut State"
"10160","2016-2017","Central Florida"
"10161","2016-2017","Central Michigan"
"10162","2016-2017","Charleston Southern"
"10163","2016-2017","Charlotte"
"10164","2016-2017","Chattanooga"
"10165","2016-2017","Chicago State"
"10166","2016-2017","Cincinnati"
"10167","2016-2017","Citadel"
"10168","2016-2017","Clemson"
"10169","2016-2017","Cleveland State"
"10170","2016-2017","Coastal Carolina"
"10171","2016-2017","Colgate"
"10172","2016-2017","College of Charleston"
"10173","2016-2017","Colorado"
"10174","2016-2017","Colorado State"
"10175","2016-2017","Columbia"
"10176","2016-2017","Connecticut"
"10177","2016-2017","Coppin State"
"10178","2016-2017","Cornell"
"10179","2016-2017","Creighton"
"10180","2016-2017","Dartmouth"
"10181","2016-2017","Davidson"
"10182","2016-2017","Dayton"
"10183","2016-2017","Delaware"
"10184","2016-2017","Delaware State"
"10185","2016-2017","Denver"
"10186","2016-2017","DePaul"
"10187","2016-2017","Detroit Mercy"
"10188","2016-2017","Drake"
"10189","2016-2017","Drexel"
"10190","2016-2017","Duke"
"10191","2016-2017","Duquesne"
"10192","2016-2017","East Carolina"
"10193","2016-2017","East Tennessee State"
"10194","2016-2017","Eastern Illinois"
"10195","2016-2017","Eastern Kentucky"
"10196","2016-2017","Eastern Michigan"
"10197","2016-2017","Eastern Washington"
"10198","2016-2017","Elon"
"10199","2016-2017","Evansville"
"10200","2016-2017","Fairfield"
"10201","2016-2017","Fairleigh Dickinson"
"10202","2016-2017","Florida"
"10203","2016-2017","Florida A&M"
"10204","2016-2017","Florida Atlantic"
"10205","2016-2017","Florida Gulf Coast"
"10206","2016-2017","Florida International"
"10207","2016-2017","Florida State"
"10208","2016-2017","Fordham"
"10209","2016-2017","Fort Wayne"
"10210","2016-2017","Fresno State"
"10211","2016-2017","Furman"
"10212","2016-2017","Gardner-Webb"
"10213","2016-2017","George Mason"
"10214","2016-2017","George Washington"
"10215","2016-2017","Georgetown"
"10216","2016-2017","Georgia"
"10217","2016-2017","Georgia Southern"
"10218","2016-2017","Georgia State"
"10219","2016-2017","Georgia Tech"
"10220","2016-2017","Gonzaga"
"10221","2016-2017","Grambling"
"10222","2016-2017","Grand Canyon"
"10223","2016-2017","Green Bay"
"10224","2016-2017","Hampton"
"10225","2016-2017","Hartford"
"10226","2016-2017","Harvard"
"10227","2016-2017","Hawaii"
"10228","2016-2017","High Point"
"10229","2016-2017","Hofstra"
"10230","2016-2017","Holy Cross"
"10231","2016-2017","Houston"
"10232","2016-2017","Houston Baptist"
"10233","2016-2017","Howard"
"10234","2016-2017","Idaho"
"10235","2016-2017","Idaho State"
"10236","2016-2017","Illinois"
"10237","2016-2017","Illinois-Chicago"
"10238","2016-2017","Illinois State"
"10239","2016-2017","Incarnate Word"
"10240","2016-2017","Indiana"
"10241","2016-2017","Indiana State"
"10242","2016-2017","Iona"
"10243","2016-2017","Iowa"
"10244","2016-2017","Iowa State"
"10245","2016-2017","IUPUI"
"10246","2016-2017","Jackson State"
"10247","2016-2017","Jacksonville"
"10248","2016-2017","Jacksonville State"
"10249","2016-2017","James Madison"
"10250","2016-2017","Kansas"
"10251","2016-2017","Kansas State"
"10252","2016-2017","Kennesaw State"
"10253","2016-2017","Kent State"
"10254","2016-2017","Kentucky"
"10255","2016-2017","La Salle"
"10256","2016-2017","Lafayette"
"10257","2016-2017","Lamar"
"10258","2016-2017","Lehigh"
"10259","2016-2017","Liberty"
"10260","2016-2017","Lipscomb"
"10261","2016-2017","Little Rock"
"10262","2016-2017","Long Beach State"
"10263","2016-2017","Long Island University"
"10264","2016-2017","Longwood"
"10265","2016-2017","Louisiana"
"10266","2016-2017","Louisiana-Monroe"
"10267","2016-2017","Louisiana State"
"10268","2016-2017","Louisiana Tech"
"10269","2016-2017","Louisville"
"10270","2016-2017","Loyola (IL)"
"10271","2016-2017","Loyola (MD)"
"10272","2016-2017","Loyola Marymount"
"10273","2016-2017","Maine"
"10274","2016-2017","Manhattan"
"10275","2016-2017","Marist"
"10276","2016-2017","Marquette"
"10277","2016-2017","Marshall"
"10278","2016-2017","Maryland"
"10279","2016-2017","Maryland-Baltimore County"
"10280","2016-2017","Maryland-Eastern Shore"
"10281","2016-2017","Massachusetts"
"10282","2016-2017","Massachusetts-Lowell"
"10283","2016-2017","McNeese State"
"10284","2016-2017","Memphis"
"10285","2016-2017","Mercer"
"10286","2016-2017","Miami (FL)"
"10287","2016-2017","Miami (OH)"
"10288","2016-2017","Michigan"
"10289","2016-2017","Michigan State"
"10290","2016-2017","Middle Tennessee"
"10291","2016-2017","Milwaukee"
"10292","2016-2017","Minnesota"
"10293","2016-2017","Mississippi"
"10294","2016-2017","Mississippi State"
"10295","2016-2017","Mississippi Valley State"
"10296","2016-2017","Missouri"
"10297","2016-2017","Missouri-Kansas City"
"10298","2016-2017","Missouri State"
"10299","2016-2017","Monmouth"
"10300","2016-2017","Montana"
"10301","2016-2017","Montana State"
"10302","2016-2017","Morehead State"
"10303","2016-2017","Morgan State"
"10304","2016-2017","Mount St. Mary's"
"10305","2016-2017","Murray State"
"10306","2016-2017","Navy"
"10307","2016-2017","Nebraska"
"10308","2016-2017","Nevada"
"10309","2016-2017","Nevada-Las Vegas"
"10310","2016-2017","New Hampshire"
"10311","2016-2017","New Mexico"
"10312","2016-2017","New Mexico State"
"10313","2016-2017","New Orleans"
"10314","2016-2017","Niagara"
"10315","2016-2017","Nicholls State"
"10316","2016-2017","NJIT"
"10317","2016-2017","Norfolk State"
"10318","2016-2017","North Carolina"
"10319","2016-2017","North Carolina-Asheville"
"10320","2016-2017","North Carolina-Greensboro"
"10321","2016-2017","North Carolina-Wilmington"
"10322","2016-2017","North Carolina A&T"
"10323","2016-2017","North Carolina Central"
"10324","2016-2017","North Carolina State"
"10325","2016-2017","North Dakota"
"10326","2016-2017","North Dakota State"
"10327","2016-2017","North Florida"
"10328","2016-2017","North Texas"
"10329","2016-2017","Northeastern"
"10330","2016-2017","Northern Arizona"
"10331","2016-2017","Northern Colorado"
"10332","2016-2017","Northern Illinois"
"10333","2016-2017","Northern Iowa"
"10334","2016-2017","Northern Kentucky"
"10335","2016-2017","Northwestern"
"10336","2016-2017","Northwestern State"
"10337","2016-2017","Notre Dame"
"10338","2016-2017","Oakland"
"10339","2016-2017","Ohio"
"10340","2016-2017","Ohio State"
"10341","2016-2017","Oklahoma"
"10342","2016-2017","Oklahoma State"
"10343","2016-2017","Old Dominion"
"10344","2016-2017","Omaha"
"10345","2016-2017","Oral Roberts"
"10346","2016-2017","Oregon"
"10347","2016-2017","Oregon State"
"10348","2016-2017","Pacific"
"10349","2016-2017","Penn State"
"10350","2016-2017","Pennsylvania"
"10351","2016-2017","Pepperdine"
"10352","2016-2017","Pittsburgh"
"10353","2016-2017","Portland"
"10354","2016-2017","Portland State"
"10355","2016-2017","Prairie View"
"10356","2016-2017","Presbyterian"
"10357","2016-2017","Princeton"
"10358","2016-2017","Providence"
"10359","2016-2017","Purdue"
"10360","2016-2017","Quinnipiac"
"10361","2016-2017","Radford"
"10362","2016-2017","Rhode Island"
"10363","2016-2017","Rice"
"10364","2016-2017","Richmond"
"10365","2016-2017","Rider"
"10366","2016-2017","Robert Morris"
"10367","2016-2017","Rutgers"
"10368","2016-2017","Sacramento State"
"10369","2016-2017","Sacred Heart"
"10370","2016-2017","Saint Francis (PA)"
"10371","2016-2017","Saint Joseph's"
"10372","2016-2017","Saint Louis"
"10373","2016-2017","Saint Mary's (CA)"
"10374","2016-2017","Saint Peter's"
"10375","2016-2017","Sam Houston State"
"10376","2016-2017","Samford"
"10377","2016-2017","San Diego"
"10378","2016-2017","San Diego State"
"10379","2016-2017","San Francisco"
"10380","2016-2017","San Jose State"
"10381","2016-2017","Santa Clara"
"10382","2016-2017","Savannah State"
"10383","2016-2017","Seattle"
"10384","2016-2017","Seton Hall"
"10385","2016-2017","Siena"
"10386","2016-2017","SIU Edwardsville"
"10387","2016-2017","South Alabama"
"10388","2016-2017","South Carolina"
"10389","2016-2017","South Carolina State"
"10390","2016-2017","South Carolina Upstate"
"10391","2016-2017","South Dakota"
"10392","2016-2017","South Dakota State"
"10393","2016-2017","South Florida"
"10394","2016-2017","Southeast Missouri State"
"10395","2016-2017","Southeastern Louisiana"
"10396","2016-2017","Southern"
"10397","2016-2017","Southern California"
"10398","2016-2017","Southern Illinois"
"10399","2016-2017","Southern Methodist"
"10400","2016-2017","Southern Mississippi"
"10401","2016-2017","Southern Utah"
"10402","2016-2017","St. Bonaventure"
"10403","2016-2017","St. Francis (NY)"
"10404","2016-2017","St. John's (NY)"
"10405","2016-2017","Stanford"
"10406","2016-2017","Stephen F. Austin"
"10407","2016-2017","Stetson"
"10408","2016-2017","Stony Brook"
"10409","2016-2017","Syracuse"
"10410","2016-2017","Temple"
"10411","2016-2017","Tennessee"
"10412","2016-2017","Tennessee-Martin"
"10413","2016-2017","Tennessee State"
"10414","2016-2017","Tennessee Tech"
"10415","2016-2017","Texas"
"10416","2016-2017","Texas-Arlington"
"10417","2016-2017","Texas-El Paso"
"10418","2016-2017","Texas-Rio Grande Valley"
"10419","2016-2017","Texas-San Antonio"
"10420","2016-2017","Texas A&M"
"10421","2016-2017","Texas A&M-Corpus Christi"
"10422","2016-2017","Texas Christian"
"10423","2016-2017","Texas Southern"
"10424","2016-2017","Texas State"
"10425","2016-2017","Texas Tech"
"10426","2016-2017","Toledo"
"10427","2016-2017","Towson"
"10428","2016-2017","Troy"
"10429","2016-2017","Tulane"
"10430","2016-2017","Tulsa"
"10431","2016-2017","UC-Davis"
"10432","2016-2017","UC-Irvine"
"10433","2016-2017","UC-Riverside"
"10434","2016-2017","UC-Santa Barbara"
"10435","2016-2017","UCLA"
"10436","2016-2017","University of California"
"10437","2016-2017","Utah"
"10438","2016-2017","Utah State"
"10439","2016-2017","Utah Valley"
"10440","2016-2017","Valparaiso"
"10441","2016-2017","Vanderbilt"
"10442","2016-2017","Vermont"
"10443","2016-2017","Villanova"
"10444","2016-2017","Virginia"
"10445","2016-2017","Virginia Commonwealth"
"10446","2016-2017","Virginia Tech"
"10447","2016-2017","VMI"
"10448","2016-2017","Wagner"
"10449","2016-2017","Wake Forest"
"10450","2016-2017","Washington"
"10451","2016-2017","Washington State"
"10452","2016-2017","Weber State"
"10453","2016-2017","West Virginia"
"10454","2016-2017","Western Carolina"
"10455","2016-2017","Western Illinois"
"10456","2016-2017","Western Kentucky"
"10457","2016-2017","Western Michigan"
"10458","2016-2017","Wichita State"
"10459","2016-2017","William & Mary"
"10460","2016-2017","Winthrop"
"10461","2016-2017","Wisconsin"
"10462","2016-2017","Wofford"
"10463","2016-2017","Wright State"
"10464","2016-2017","Wyoming"
"10465","2016-2017","Xavier"
"10466","2016-2017","Yale"
"10467","2016-2017","Youngstown State"
"10468","2017-2018","Abilene Christian"
"10469","2017-2018","Air Force"
"10470","2017-2018","Akron"
"10471","2017-2018","Alabama"
"10472","2017-2018","Alabama-Birmingham"
"10473","2017-2018","Alabama A&M"
"10474","2017-2018","Alabama State"
"10475","2017-2018","Albany (NY)"
"10476","2017-2018","Alcorn State"
"10477","2017-2018","American"
"10478","2017-2018","Appalachian State"
"10479","2017-2018","Arizona"
"10480","2017-2018","Arizona State"
"10481","2017-2018","Arkansas"
"10482","2017-2018","Arkansas-Pine Bluff"
"10483","2017-2018","Arkansas State"
"10484","2017-2018","Army"
"10485","2017-2018","Auburn"
"10486","2017-2018","Austin Peay"
"10487","2017-2018","Ball State"
"10488","2017-2018","Baylor"
"10489","2017-2018","Belmont"
"10490","2017-2018","Bethune-Cookman"
"10491","2017-2018","Binghamton"
"10492","2017-2018","Boise State"
"10493","2017-2018","Boston College"
"10494","2017-2018","Boston University"
"10495","2017-2018","Bowling Green State"
"10496","2017-2018","Bradley"
"10497","2017-2018","Brigham Young"
"10498","2017-2018","Brown"
"10499","2017-2018","Bryant"
"10500","2017-2018","Bucknell"
"10501","2017-2018","Buffalo"
"10502","2017-2018","Butler"
"10503","2017-2018","Cal Poly"
"10504","2017-2018","Cal State Bakersfield"
"10505","2017-2018","Cal State Fullerton"
"10506","2017-2018","Cal State Northridge"
"10507","2017-2018","Campbell"
"10508","2017-2018","Canisius"
"10509","2017-2018","Central Arkansas"
"10510","2017-2018","Central Connecticut State"
"10511","2017-2018","Central Florida"
"10512","2017-2018","Central Michigan"
"10513","2017-2018","Charleston Southern"
"10514","2017-2018","Charlotte"
"10515","2017-2018","Chattanooga"
"10516","2017-2018","Chicago State"
"10517","2017-2018","Cincinnati"
"10518","2017-2018","Citadel"
"10519","2017-2018","Clemson"
"10520","2017-2018","Cleveland State"
"10521","2017-2018","Coastal Carolina"
"10522","2017-2018","Colgate"
"10523","2017-2018","College of Charleston"
"10524","2017-2018","Colorado"
"10525","2017-2018","Colorado State"
"10526","2017-2018","Columbia"
"10527","2017-2018","Connecticut"
"10528","2017-2018","Coppin State"
"10529","2017-2018","Cornell"
"10530","2017-2018","Creighton"
"10531","2017-2018","Dartmouth"
"10532","2017-2018","Davidson"
"10533","2017-2018","Dayton"
"10534","2017-2018","Delaware"
"10535","2017-2018","Delaware State"
"10536","2017-2018","Denver"
"10537","2017-2018","DePaul"
"10538","2017-2018","Detroit Mercy"
"10539","2017-2018","Drake"
"10540","2017-2018","Drexel"
"10541","2017-2018","Duke"
"10542","2017-2018","Duquesne"
"10543","2017-2018","East Carolina"
"10544","2017-2018","East Tennessee State"
"10545","2017-2018","Eastern Illinois"
"10546","2017-2018","Eastern Kentucky"
"10547","2017-2018","Eastern Michigan"
"10548","2017-2018","Eastern Washington"
"10549","2017-2018","Elon"
"10550","2017-2018","Evansville"
"10551","2017-2018","Fairfield"
"10552","2017-2018","Fairleigh Dickinson"
"10553","2017-2018","Florida"
"10554","2017-2018","Florida A&M"
"10555","2017-2018","Florida Atlantic"
"10556","2017-2018","Florida Gulf Coast"
"10557","2017-2018","Florida International"
"10558","2017-2018","Florida State"
"10559","2017-2018","Fordham"
"10560","2017-2018","Fresno State"
"10561","2017-2018","Furman"
"10562","2017-2018","Gardner-Webb"
"10563","2017-2018","George Mason"
"10564","2017-2018","George Washington"
"10565","2017-2018","Georgetown"
"10566","2017-2018","Georgia"
"10567","2017-2018","Georgia Southern"
"10568","2017-2018","Georgia State"
"10569","2017-2018","Georgia Tech"
"10570","2017-2018","Gonzaga"
"10571","2017-2018","Grambling"
"10572","2017-2018","Grand Canyon"
"10573","2017-2018","Green Bay"
"10574","2017-2018","Hampton"
"10575","2017-2018","Hartford"
"10576","2017-2018","Harvard"
"10577","2017-2018","Hawaii"
"10578","2017-2018","High Point"
"10579","2017-2018","Hofstra"
"10580","2017-2018","Holy Cross"
"10581","2017-2018","Houston"
"10582","2017-2018","Houston Baptist"
"10583","2017-2018","Howard"
"10584","2017-2018","Idaho"
"10585","2017-2018","Idaho State"
"10586","2017-2018","Illinois"
"10587","2017-2018","Illinois-Chicago"
"10588","2017-2018","Illinois State"
"10589","2017-2018","Incarnate Word"
"10590","2017-2018","Indiana"
"10591","2017-2018","Indiana State"
"10592","2017-2018","Iona"
"10593","2017-2018","Iowa"
"10594","2017-2018","Iowa State"
"10595","2017-2018","IUPUI"
"10596","2017-2018","Jackson State"
"10597","2017-2018","Jacksonville"
"10598","2017-2018","Jacksonville State"
"10599","2017-2018","James Madison"
"10600","2017-2018","Kansas"
"10601","2017-2018","Kansas State"
"10602","2017-2018","Kennesaw State"
"10603","2017-2018","Kent State"
"10604","2017-2018","Kentucky"
"10605","2017-2018","La Salle"
"10606","2017-2018","Lafayette"
"10607","2017-2018","Lamar"
"10608","2017-2018","Lehigh"
"10609","2017-2018","Liberty"
"10610","2017-2018","Lipscomb"
"10611","2017-2018","Little Rock"
"10612","2017-2018","Long Beach State"
"10613","2017-2018","Long Island University"
"10614","2017-2018","Longwood"
"10615","2017-2018","Louisiana"
"10616","2017-2018","Louisiana-Monroe"
"10617","2017-2018","Louisiana State"
"10618","2017-2018","Louisiana Tech"
"10619","2017-2018","Louisville"
"10620","2017-2018","Loyola (IL)"
"10621","2017-2018","Loyola (MD)"
"10622","2017-2018","Loyola Marymount"
"10623","2017-2018","Maine"
"10624","2017-2018","Manhattan"
"10625","2017-2018","Marist"
"10626","2017-2018","Marquette"
"10627","2017-2018","Marshall"
"10628","2017-2018","Maryland"
"10629","2017-2018","Maryland-Baltimore County"
"10630","2017-2018","Maryland-Eastern Shore"
"10631","2017-2018","Massachusetts"
"10632","2017-2018","Massachusetts-Lowell"
"10633","2017-2018","McNeese State"
"10634","2017-2018","Memphis"
"10635","2017-2018","Mercer"
"10636","2017-2018","Miami (FL)"
"10637","2017-2018","Miami (OH)"
"10638","2017-2018","Michigan"
"10639","2017-2018","Michigan State"
"10640","2017-2018","Middle Tennessee"
"10641","2017-2018","Milwaukee"
"10642","2017-2018","Minnesota"
"10643","2017-2018","Mississippi"
"10644","2017-2018","Mississippi State"
"10645","2017-2018","Mississippi Valley State"
"10646","2017-2018","Missouri"
"10647","2017-2018","Missouri-Kansas City"
"10648","2017-2018","Missouri State"
"10649","2017-2018","Monmouth"
"10650","2017-2018","Montana"
"10651","2017-2018","Montana State"
"10652","2017-2018","Morehead State"
"10653","2017-2018","Morgan State"
"10654","2017-2018","Mount St. Mary's"
"10655","2017-2018","Murray State"
"10656","2017-2018","Navy"
"10657","2017-2018","Nebraska"
"10658","2017-2018","Nevada"
"10659","2017-2018","Nevada-Las Vegas"
"10660","2017-2018","New Hampshire"
"10661","2017-2018","New Mexico"
"10662","2017-2018","New Mexico State"
"10663","2017-2018","New Orleans"
"10664","2017-2018","Niagara"
"10665","2017-2018","Nicholls State"
"10666","2017-2018","NJIT"
"10667","2017-2018","Norfolk State"
"10668","2017-2018","North Carolina"
"10669","2017-2018","North Carolina-Asheville"
"10670","2017-2018","North Carolina-Greensboro"
"10671","2017-2018","North Carolina-Wilmington"
"10672","2017-2018","North Carolina A&T"
"10673","2017-2018","North Carolina Central"
"10674","2017-2018","North Carolina State"
"10675","2017-2018","North Dakota"
"10676","2017-2018","North Dakota State"
"10677","2017-2018","North Florida"
"10678","2017-2018","North Texas"
"10679","2017-2018","Northeastern"
"10680","2017-2018","Northern Arizona"
"10681","2017-2018","Northern Colorado"
"10682","2017-2018","Northern Illinois"
"10683","2017-2018","Northern Iowa"
"10684","2017-2018","Northern Kentucky"
"10685","2017-2018","Northwestern"
"10686","2017-2018","Northwestern State"
"10687","2017-2018","Notre Dame"
"10688","2017-2018","Oakland"
"10689","2017-2018","Ohio"
"10690","2017-2018","Ohio State"
"10691","2017-2018","Oklahoma"
"10692","2017-2018","Oklahoma State"
"10693","2017-2018","Old Dominion"
"10694","2017-2018","Omaha"
"10695","2017-2018","Oral Roberts"
"10696","2017-2018","Oregon"
"10697","2017-2018","Oregon State"
"10698","2017-2018","Pacific"
"10699","2017-2018","Penn State"
"10700","2017-2018","Pennsylvania"
"10701","2017-2018","Pepperdine"
"10702","2017-2018","Pittsburgh"
"10703","2017-2018","Portland"
"10704","2017-2018","Portland State"
"10705","2017-2018","Prairie View"
"10706","2017-2018","Presbyterian"
"10707","2017-2018","Princeton"
"10708","2017-2018","Providence"
"10709","2017-2018","Purdue"
"10710","2017-2018","Purdue-Fort Wayne"
"10711","2017-2018","Quinnipiac"
"10712","2017-2018","Radford"
"10713","2017-2018","Rhode Island"
"10714","2017-2018","Rice"
"10715","2017-2018","Richmond"
"10716","2017-2018","Rider"
"10717","2017-2018","Robert Morris"
"10718","2017-2018","Rutgers"
"10719","2017-2018","Sacramento State"
"10720","2017-2018","Sacred Heart"
"10721","2017-2018","Saint Francis (PA)"
"10722","2017-2018","Saint Joseph's"
"10723","2017-2018","Saint Louis"
"10724","2017-2018","Saint Mary's (CA)"
"10725","2017-2018","Saint Peter's"
"10726","2017-2018","Sam Houston State"
"10727","2017-2018","Samford"
"10728","2017-2018","San Diego"
"10729","2017-2018","San Diego State"
"10730","2017-2018","San Francisco"
"10731","2017-2018","San Jose State"
"10732","2017-2018","Santa Clara"
"10733","2017-2018","Savannah State"
"10734","2017-2018","Seattle"
"10735","2017-2018","Seton Hall"
"10736","2017-2018","Siena"
"10737","2017-2018","SIU Edwardsville"
"10738","2017-2018","South Alabama"
"10739","2017-2018","South Carolina"
"10740","2017-2018","South Carolina State"
"10741","2017-2018","South Carolina Upstate"
"10742","2017-2018","South Dakota"
"10743","2017-2018","South Dakota State"
"10744","2017-2018","South Florida"
"10745","2017-2018","Southeast Missouri State"
"10746","2017-2018","Southeastern Louisiana"
"10747","2017-2018","Southern"
"10748","2017-2018","Southern California"
"10749","2017-2018","Southern Illinois"
"10750","2017-2018","Southern Methodist"
"10751","2017-2018","Southern Mississippi"
"10752","2017-2018","Southern Utah"
"10753","2017-2018","St. Bonaventure"
"10754","2017-2018","St. Francis (NY)"
"10755","2017-2018","St. John's (NY)"
"10756","2017-2018","Stanford"
"10757","2017-2018","Stephen F. Austin"
"10758","2017-2018","Stetson"
"10759","2017-2018","Stony Brook"
"10760","2017-2018","Syracuse"
"10761","2017-2018","Temple"
"10762","2017-2018","Tennessee"
"10763","2017-2018","Tennessee-Martin"
"10764","2017-2018","Tennessee State"
"10765","2017-2018","Tennessee Tech"
"10766","2017-2018","Texas"
"10767","2017-2018","Texas-Arlington"
"10768","2017-2018","Texas-El Paso"
"10769","2017-2018","Texas-Rio Grande Valley"
"10770","2017-2018","Texas-San Antonio"
"10771","2017-2018","Texas A&M"
"10772","2017-2018","Texas A&M-Corpus Christi"
"10773","2017-2018","Texas Christian"
"10774","2017-2018","Texas Southern"
"10775","2017-2018","Texas State"
"10776","2017-2018","Texas Tech"
"10777","2017-2018","Toledo"
"10778","2017-2018","Towson"
"10779","2017-2018","Troy"
"10780","2017-2018","Tulane"
"10781","2017-2018","Tulsa"
"10782","2017-2018","UC-Davis"
"10783","2017-2018","UC-Irvine"
"10784","2017-2018","UC-Riverside"
"10785","2017-2018","UC-Santa Barbara"
"10786","2017-2018","UCLA"
"10787","2017-2018","University of California"
"10788","2017-2018","Utah"
"10789","2017-2018","Utah State"
"10790","2017-2018","Utah Valley"
"10791","2017-2018","Valparaiso"
"10792","2017-2018","Vanderbilt"
"10793","2017-2018","Vermont"
"10794","2017-2018","Villanova"
"10795","2017-2018","Virginia"
"10796","2017-2018","Virginia Commonwealth"
"10797","2017-2018","Virginia Tech"
"10798","2017-2018","VMI"
"10799","2017-2018","Wagner"
"10800","2017-2018","Wake Forest"
"10801","2017-2018","Washington"
"10802","2017-2018","Washington State"
"10803","2017-2018","Weber State"
"10804","2017-2018","West Virginia"
"10805","2017-2018","Western Carolina"
"10806","2017-2018","Western Illinois"
"10807","2017-2018","Western Kentucky"
"10808","2017-2018","Western Michigan"
"10809","2017-2018","Wichita State"
"10810","2017-2018","William & Mary"
"10811","2017-2018","Winthrop"
"10812","2017-2018","Wisconsin"
"10813","2017-2018","Wofford"
"10814","2017-2018","Wright State"
"10815","2017-2018","Wyoming"
"10816","2017-2018","Xavier"
"10817","2017-2018","Yale"
"10818","2017-2018","Youngstown State"
"10819","2018-2019","Abilene Christian"
"10820","2018-2019","Air Force"
"10821","2018-2019","Akron"
"10822","2018-2019","Alabama"
"10823","2018-2019","Alabama-Birmingham"
"10824","2018-2019","Alabama A&M"
"10825","2018-2019","Alabama State"
"10826","2018-2019","Albany (NY)"
"10827","2018-2019","Alcorn State"
"10828","2018-2019","American"
"10829","2018-2019","Appalachian State"
"10830","2018-2019","Arizona"
"10831","2018-2019","Arizona State"
"10832","2018-2019","Arkansas"
"10833","2018-2019","Arkansas-Pine Bluff"
"10834","2018-2019","Arkansas State"
"10835","2018-2019","Army"
"10836","2018-2019","Auburn"
"10837","2018-2019","Austin Peay"
"10838","2018-2019","Ball State"
"10839","2018-2019","Baylor"
"10840","2018-2019","Belmont"
"10841","2018-2019","Bethune-Cookman"
"10842","2018-2019","Binghamton"
"10843","2018-2019","Boise State"
"10844","2018-2019","Boston College"
"10845","2018-2019","Boston University"
"10846","2018-2019","Bowling Green State"
"10847","2018-2019","Bradley"
"10848","2018-2019","Brigham Young"
"10849","2018-2019","Brown"
"10850","2018-2019","Bryant"
"10851","2018-2019","Bucknell"
"10852","2018-2019","Buffalo"
"10853","2018-2019","Butler"
"10854","2018-2019","Cal Poly"
"10855","2018-2019","Cal State Bakersfield"
"10856","2018-2019","Cal State Fullerton"
"10857","2018-2019","Cal State Northridge"
"10858","2018-2019","California Baptist"
"10859","2018-2019","Campbell"
"10860","2018-2019","Canisius"
"10861","2018-2019","Central Arkansas"
"10862","2018-2019","Central Connecticut State"
"10863","2018-2019","Central Florida"
"10864","2018-2019","Central Michigan"
"10865","2018-2019","Charleston Southern"
"10866","2018-2019","Charlotte"
"10867","2018-2019","Chattanooga"
"10868","2018-2019","Chicago State"
"10869","2018-2019","Cincinnati"
"10870","2018-2019","Citadel"
"10871","2018-2019","Clemson"
"10872","2018-2019","Cleveland State"
"10873","2018-2019","Coastal Carolina"
"10874","2018-2019","Colgate"
"10875","2018-2019","College of Charleston"
"10876","2018-2019","Colorado"
"10877","2018-2019","Colorado State"
"10878","2018-2019","Columbia"
"10879","2018-2019","Connecticut"
"10880","2018-2019","Coppin State"
"10881","2018-2019","Cornell"
"10882","2018-2019","Creighton"
"10883","2018-2019","Dartmouth"
"10884","2018-2019","Davidson"
"10885","2018-2019","Dayton"
"10886","2018-2019","Delaware"
"10887","2018-2019","Delaware State"
"10888","2018-2019","Denver"
"10889","2018-2019","DePaul"
"10890","2018-2019","Detroit Mercy"
"10891","2018-2019","Drake"
"10892","2018-2019","Drexel"
"10893","2018-2019","Duke"
"10894","2018-2019","Duquesne"
"10895","2018-2019","East Carolina"
"10896","2018-2019","East Tennessee State"
"10897","2018-2019","Eastern Illinois"
"10898","2018-2019","Eastern Kentucky"
"10899","2018-2019","Eastern Michigan"
"10900","2018-2019","Eastern Washington"
"10901","2018-2019","Elon"
"10902","2018-2019","Evansville"
"10903","2018-2019","Fairfield"
"10904","2018-2019","Fairleigh Dickinson"
"10905","2018-2019","Florida"
"10906","2018-2019","Florida A&M"
"10907","2018-2019","Florida Atlantic"
"10908","2018-2019","Florida Gulf Coast"
"10909","2018-2019","Florida International"
"10910","2018-2019","Florida State"
"10911","2018-2019","Fordham"
"10912","2018-2019","Fresno State"
"10913","2018-2019","Furman"
"10914","2018-2019","Gardner-Webb"
"10915","2018-2019","George Mason"
"10916","2018-2019","George Washington"
"10917","2018-2019","Georgetown"
"10918","2018-2019","Georgia"
"10919","2018-2019","Georgia Southern"
"10920","2018-2019","Georgia State"
"10921","2018-2019","Georgia Tech"
"10922","2018-2019","Gonzaga"
"10923","2018-2019","Grambling"
"10924","2018-2019","Grand Canyon"
"10925","2018-2019","Green Bay"
"10926","2018-2019","Hampton"
"10927","2018-2019","Hartford"
"10928","2018-2019","Harvard"
"10929","2018-2019","Hawaii"
"10930","2018-2019","High Point"
"10931","2018-2019","Hofstra"
"10932","2018-2019","Holy Cross"
"10933","2018-2019","Houston"
"10934","2018-2019","Houston Baptist"
"10935","2018-2019","Howard"
"10936","2018-2019","Idaho"
"10937","2018-2019","Idaho State"
"10938","2018-2019","Illinois"
"10939","2018-2019","Illinois-Chicago"
"10940","2018-2019","Illinois State"
"10941","2018-2019","Incarnate Word"
"10942","2018-2019","Indiana"
"10943","2018-2019","Indiana State"
"10944","2018-2019","Iona"
"10945","2018-2019","Iowa"
"10946","2018-2019","Iowa State"
"10947","2018-2019","IUPUI"
"10948","2018-2019","Jackson State"
"10949","2018-2019","Jacksonville"
"10950","2018-2019","Jacksonville State"
"10951","2018-2019","James Madison"
"10952","2018-2019","Kansas"
"10953","2018-2019","Kansas State"
"10954","2018-2019","Kennesaw State"
"10955","2018-2019","Kent State"
"10956","2018-2019","Kentucky"
"10957","2018-2019","La Salle"
"10958","2018-2019","Lafayette"
"10959","2018-2019","Lamar"
"10960","2018-2019","Lehigh"
"10961","2018-2019","Liberty"
"10962","2018-2019","Lipscomb"
"10963","2018-2019","Little Rock"
"10964","2018-2019","Long Beach State"
"10965","2018-2019","Long Island University"
"10966","2018-2019","Longwood"
"10967","2018-2019","Louisiana"
"10968","2018-2019","Louisiana-Monroe"
"10969","2018-2019","Louisiana State"
"10970","2018-2019","Louisiana Tech"
"10971","2018-2019","Louisville"
"10972","2018-2019","Loyola (IL)"
"10973","2018-2019","Loyola (MD)"
"10974","2018-2019","Loyola Marymount"
"10975","2018-2019","Maine"
"10976","2018-2019","Manhattan"
"10977","2018-2019","Marist"
"10978","2018-2019","Marquette"
"10979","2018-2019","Marshall"
"10980","2018-2019","Maryland"
"10981","2018-2019","Maryland-Baltimore County"
"10982","2018-2019","Maryland-Eastern Shore"
"10983","2018-2019","Massachusetts"
"10984","2018-2019","Massachusetts-Lowell"
"10985","2018-2019","McNeese State"
"10986","2018-2019","Memphis"
"10987","2018-2019","Mercer"
"10988","2018-2019","Miami (FL)"
"10989","2018-2019","Miami (OH)"
"10990","2018-2019","Michigan"
"10991","2018-2019","Michigan State"
"10992","2018-2019","Middle Tennessee"
"10993","2018-2019","Milwaukee"
"10994","2018-2019","Minnesota"
"10995","2018-2019","Mississippi"
"10996","2018-2019","Mississippi State"
"10997","2018-2019","Mississippi Valley State"
"10998","2018-2019","Missouri"
"10999","2018-2019","Missouri-Kansas City"
"11000","2018-2019","Missouri State"
"11001","2018-2019","Monmouth"
"11002","2018-2019","Montana"
"11003","2018-2019","Montana State"
"11004","2018-2019","Morehead State"
"11005","2018-2019","Morgan State"
"11006","2018-2019","Mount St. Mary's"
"11007","2018-2019","Murray State"
"11008","2018-2019","Navy"
"11009","2018-2019","Nebraska"
"11010","2018-2019","Nevada"
"11011","2018-2019","Nevada-Las Vegas"
"11012","2018-2019","New Hampshire"
"11013","2018-2019","New Mexico"
"11014","2018-2019","New Mexico State"
"11015","2018-2019","New Orleans"
"11016","2018-2019","Niagara"
"11017","2018-2019","Nicholls State"
"11018","2018-2019","NJIT"
"11019","2018-2019","Norfolk State"
"11020","2018-2019","North Alabama"
"11021","2018-2019","North Carolina"
"11022","2018-2019","North Carolina-Asheville"
"11023","2018-2019","North Carolina-Greensboro"
"11024","2018-2019","North Carolina-Wilmington"
"11025","2018-2019","North Carolina A&T"
"11026","2018-2019","North Carolina Central"
"11027","2018-2019","North Carolina State"
"11028","2018-2019","North Dakota"
"11029","2018-2019","North Dakota State"
"11030","2018-2019","North Florida"
"11031","2018-2019","North Texas"
"11032","2018-2019","Northeastern"
"11033","2018-2019","Northern Arizona"
"11034","2018-2019","Northern Colorado"
"11035","2018-2019","Northern Illinois"
"11036","2018-2019","Northern Iowa"
"11037","2018-2019","Northern Kentucky"
"11038","2018-2019","Northwestern"
"11039","2018-2019","Northwestern State"
"11040","2018-2019","Notre Dame"
"11041","2018-2019","Oakland"
"11042","2018-2019","Ohio"
"11043","2018-2019","Ohio State"
"11044","2018-2019","Oklahoma"
"11045","2018-2019","Oklahoma State"
"11046","2018-2019","Old Dominion"
"11047","2018-2019","Omaha"
"11048","2018-2019","Oral Roberts"
"11049","2018-2019","Oregon"
"11050","2018-2019","Oregon State"
"11051","2018-2019","Pacific"
"11052","2018-2019","Penn State"
"11053","2018-2019","Pennsylvania"
"11054","2018-2019","Pepperdine"
"11055","2018-2019","Pittsburgh"
"11056","2018-2019","Portland"
"11057","2018-2019","Portland State"
"11058","2018-2019","Prairie View"
"11059","2018-2019","Presbyterian"
"11060","2018-2019","Princeton"
"11061","2018-2019","Providence"
"11062","2018-2019","Purdue"
"11063","2018-2019","Purdue-Fort Wayne"
"11064","2018-2019","Quinnipiac"
"11065","2018-2019","Radford"
"11066","2018-2019","Rhode Island"
"11067","2018-2019","Rice"
"11068","2018-2019","Richmond"
"11069","2018-2019","Rider"
"11070","2018-2019","Robert Morris"
"11071","2018-2019","Rutgers"
"11072","2018-2019","Sacramento State"
"11073","2018-2019","Sacred Heart"
"11074","2018-2019","Saint Francis (PA)"
"11075","2018-2019","Saint Joseph's"
"11076","2018-2019","Saint Louis"
"11077","2018-2019","Saint Mary's (CA)"
"11078","2018-2019","Saint Peter's"
"11079","2018-2019","Sam Houston State"
"11080","2018-2019","Samford"
"11081","2018-2019","San Diego"
"11082","2018-2019","San Diego State"
"11083","2018-2019","San Francisco"
"11084","2018-2019","San Jose State"
"11085","2018-2019","Santa Clara"
"11086","2018-2019","Savannah State"
"11087","2018-2019","Seattle"
"11088","2018-2019","Seton Hall"
"11089","2018-2019","Siena"
"11090","2018-2019","SIU Edwardsville"
"11091","2018-2019","South Alabama"
"11092","2018-2019","South Carolina"
"11093","2018-2019","South Carolina State"
"11094","2018-2019","South Carolina Upstate"
"11095","2018-2019","South Dakota"
"11096","2018-2019","South Dakota State"
"11097","2018-2019","South Florida"
"11098","2018-2019","Southeast Missouri State"
"11099","2018-2019","Southeastern Louisiana"
"11100","2018-2019","Southern"
"11101","2018-2019","Southern California"
"11102","2018-2019","Southern Illinois"
"11103","2018-2019","Southern Methodist"
"11104","2018-2019","Southern Mississippi"
"11105","2018-2019","Southern Utah"
"11106","2018-2019","St. Bonaventure"
"11107","2018-2019","St. Francis (NY)"
"11108","2018-2019","St. John's (NY)"
"11109","2018-2019","Stanford"
"11110","2018-2019","Stephen F. Austin"
"11111","2018-2019","Stetson"
"11112","2018-2019","Stony Brook"
"11113","2018-2019","Syracuse"
"11114","2018-2019","Temple"
"11115","2018-2019","Tennessee"
"11116","2018-2019","Tennessee-Martin"
"11117","2018-2019","Tennessee State"
"11118","2018-2019","Tennessee Tech"
"11119","2018-2019","Texas"
"11120","2018-2019","Texas-Arlington"
"11121","2018-2019","Texas-El Paso"
"11122","2018-2019","Texas-Rio Grande Valley"
"11123","2018-2019","Texas-San Antonio"
"11124","2018-2019","Texas A&M"
"11125","2018-2019","Texas A&M-Corpus Christi"
"11126","2018-2019","Texas Christian"
"11127","2018-2019","Texas Southern"
"11128","2018-2019","Texas State"
"11129","2018-2019","Texas Tech"
"11130","2018-2019","Toledo"
"11131","2018-2019","Towson"
"11132","2018-2019","Troy"
"11133","2018-2019","Tulane"
"11134","2018-2019","Tulsa"
"11135","2018-2019","UC-Davis"
"11136","2018-2019","UC-Irvine"
"11137","2018-2019","UC-Riverside"
"11138","2018-2019","UC-Santa Barbara"
"11139","2018-2019","UCLA"
"11140","2018-2019","University of California"
"11141","2018-2019","Utah"
"11142","2018-2019","Utah State"
"11143","2018-2019","Utah Valley"
"11144","2018-2019","Valparaiso"
"11145","2018-2019","Vanderbilt"
"11146","2018-2019","Vermont"
"11147","2018-2019","Villanova"
"11148","2018-2019","Virginia"
"11149","2018-2019","Virginia Commonwealth"
"11150","2018-2019","Virginia Tech"
"11151","2018-2019","VMI"
"11152","2018-2019","Wagner"
"11153","2018-2019","Wake Forest"
"11154","2018-2019","Washington"
"11155","2018-2019","Washington State"
"11156","2018-2019","Weber State"
"11157","2018-2019","West Virginia"
"11158","2018-2019","Western Carolina"
"11159","2018-2019","Western Illinois"
"11160","2018-2019","Western Kentucky"
"11161","2018-2019","Western Michigan"
"11162","2018-2019","Wichita State"
"11163","2018-2019","William & Mary"
"11164","2018-2019","Winthrop"
"11165","2018-2019","Wisconsin"
"11166","2018-2019","Wofford"
"11167","2018-2019","Wright State"
"11168","2018-2019","Wyoming"
"11169","2018-2019","Xavier"
"11170","2018-2019","Yale"
"11171","2018-2019","Youngstown State"
